Time [mm:ss]	T [°C]	U [%r H]     	Tu Cap [°C]
105:35.8    	--    	3.2          	
105:35.8    	-54.32	0x47 -12.5000	
105:36.5    	-56.10	3.2          	-54.33
105:37.3    	-56.12	3.2          	-54.34
105:38.2    	-55.72	3.0          	-54.35
105:39.1    	-56.14	3.2          	-54.36
105:40.0    	-55.71	3.0          	-54.37
105:40.9    	-55.70	3.0          	-54.38
105:41.8    	-56.10	3.1          	-54.39
105:42.7    	-56.10	3.1          	-54.40
105:43.6    	-56.10	3.1          	-54.41
105:44.5    	-56.10	3.1          	-54.42
105:45.4    	-56.10	3.0          	-54.43
105:46.3    	-56.11	3.0          	-54.44
105:47.2    	-56.11	3.0          	-54.45
105:48.1    	-55.71	2.9          	-54.46
105:49.0    	-56.12	3.0          	-54.47
105:49.9    	-56.12	3.0          	-54.48
105:50.7    	-56.12	3.0          	-54.49
105:51.6    	-56.12	3.0          	-54.50
105:52.5    	-56.12	2.9          	-54.51
105:53.5    	-56.12	2.9          	-54.52
105:54.4    	-56.13	2.9          	-54.53
105:55.3    	-56.13	2.9          	-54.54
105:56.2    	-56.14	2.9          	-54.55
105:57.1    	-56.14	2.9          	-54.56
105:58.0    	-56.15	2.9          	-54.57
105:58.8    	-56.15	2.9          	-54.58
105:59.7    	-56.16	2.9          	-54.59
106:00.6    	-56.16	2.9          	-54.59
106:01.5    	-56.17	2.8          	-54.60
106:02.4    	-56.18	2.8          	-54.61
106:03.3    	-56.19	2.8          	-54.62
106:04.1    	-56.20	2.8          	-54.63
106:05.1    	-56.22	2.8          	-54.64
106:06.1    	-56.23	2.8          	-54.65
106:06.9    	-56.25	2.8          	-54.65
106:07.8    	-56.25	2.8          	-54.66
106:08.7    	-56.23	2.8          	-54.67
106:09.6    	-56.20	2.7          	-54.68
106:10.5    	-56.17	2.7          	-54.68
106:11.4    	-56.15	2.7          	-54.68
106:12.2    	-56.12	2.7          	-54.70
106:13.1    	-56.10	2.7          	-54.71
106:14.1    	-56.08	2.6          	-54.71
106:15.0    	-56.06	2.6          	-54.72
106:15.9    	-56.04	2.6          	-54.72
106:16.8    	-55.61	2.5          	-54.73
106:17.6    	-55.58	2.5          	-54.73
106:18.6    	-55.55	2.4          	-54.74
106:19.5    	-55.52	2.4          	-54.74
106:20.3    	-55.91	2.5          	-54.74
106:21.2    	-55.90	2.5          	-54.74
106:22.1    	-55.89	2.5          	-54.75
106:23.0    	-55.89	2.5          	-54.75
106:23.9    	-55.89	2.5          	-54.75
106:24.9    	-55.90	2.5          	-54.75
106:25.7    	-55.91	2.5          	-54.76
106:26.6    	-55.92	2.5          	-54.76
106:27.5    	-55.94	2.5          	-54.76
106:28.4    	-55.96	2.5          	-54.76
106:29.3    	-55.99	2.5          	-54.76
106:30.2    	-56.02	2.5          	-54.77
106:31.1    	-55.63	2.3          	-54.77
106:32.0    	-56.07	2.5          	-54.77
106:32.9    	-56.10	2.5          	-54.78
106:33.7    	-56.13	2.5          	-54.78
106:34.6    	-56.16	2.5          	-54.79
106:35.6    	-56.13	2.5          	-54.79
106:36.5    	-56.23	2.5          	-54.80
106:37.4    	-56.25	2.5          	-54.80
106:38.3    	-56.28	2.5          	-54.81
106:39.1    	-56.32	2.5          	-54.81
106:40.1    	-56.35	2.5          	-54.82
106:41.0    	-56.38	2.5          	-54.83
106:41.8    	-56.41	2.5          	-54.83
106:42.7    	-56.45	2.5          	-54.84
106:43.6    	-56.48	2.5          	-54.85
106:44.5    	-56.51	2.5          	-54.86
106:45.4    	-56.54	2.5          	-54.86
106:46.4    	-56.57	2.5          	-54.87
106:47.2    	-56.60	2.5          	-54.88
106:48.1    	-56.62	2.5          	-54.89
106:49.0    	-56.62	2.4          	-54.90
106:49.9    	-56.62	2.4          	-54.91
106:50.8    	-56.62	2.4          	-54.92
106:51.7    	-56.62	2.4          	-54.93
106:52.6    	-56.62	2.4          	-54.94
106:53.5    	-56.61	2.4          	-54.95
106:54.4    	-56.61	2.4          	-54.96
106:55.2    	-56.61	2.4          	-54.97
106:56.1    	-56.61	2.3          	-54.98
106:57.1    	-56.60	2.3          	-54.99
106:58.0    	-56.18	2.2          	-55.00
106:58.9    	-56.17	2.2          	-55.01
106:59.8    	-56.57	2.3          	-55.01
107:00.7    	-56.55	2.3          	-55.02
107:01.6    	-56.52	2.3          	-55.01
107:02.5    	-56.49	2.2          	-55.04
107:03.3    	-56.45	2.2          	-55.04
107:04.2    	-56.41	2.2          	-55.05
107:05.1    	-56.36	2.2          	-55.06
107:06.0    	-56.33	2.2          	-55.06
107:06.9    	-56.30	2.1          	-55.06
107:07.9    	-56.27	2.1          	-55.07
107:08.7    	-56.24	2.1          	-55.07
107:09.7    	-56.22	2.1          	-55.08
107:10.6    	-56.20	2.1          	-55.08
107:11.5    	-56.19	2.1          	-55.08
107:12.3    	-56.19	2.1          	-55.08
107:13.2    	-56.20	2.1          	-55.08
107:14.1    	-56.21	2.1          	-55.09
107:15.0    	-55.81	1.9          	-55.09
107:15.9    	-55.82	1.9          	-55.09
107:16.8    	-56.25	2.0          	-55.09
107:17.6    	-56.27	2.0          	-55.09
107:18.6    	-56.29	2.0          	-55.10
107:19.5    	-56.30	2.0          	-55.10
107:20.4    	-56.32	2.0          	-55.10
107:21.3    	-56.34	2.0          	-55.10
107:22.2    	-56.36	2.0          	-55.10
107:23.0    	-56.37	2.0          	-55.11
107:23.9    	-56.38	2.0          	-55.11
107:24.8    	-56.38	2.0          	-55.11
107:25.8    	-56.37	2.0          	-55.11
107:26.7    	-56.35	2.0          	-55.12
107:27.6    	-56.32	2.0          	-55.12
107:28.4    	-56.27	1.9          	-55.12
107:29.3    	-56.21	1.9          	-55.12
107:30.2    	-56.16	1.9          	-55.12
107:31.1    	-56.11	1.9          	-55.12
107:32.0    	-56.06	1.9          	-55.12
107:32.9    	-56.02	1.9          	-55.12
107:33.8    	-55.99	1.8          	-55.11
107:34.7    	-55.55	1.7          	-55.11
107:35.6    	-55.53	1.7          	-55.11
107:36.4    	-55.93	1.8          	-55.10
107:37.4    	-55.92	1.8          	-55.10
107:38.3    	-55.91	1.8          	-55.10
107:39.2    	-55.89	1.8          	-55.09
107:40.1    	-55.87	1.8          	-55.09
107:41.0    	-55.85	1.8          	-55.08
107:41.9    	-55.83	1.8          	-55.08
107:42.8    	-55.39	1.7          	-55.07
107:43.7    	-55.79	1.7          	-55.07
107:44.5    	-55.77	1.7          	-55.06
107:45.4    	-55.76	1.7          	-55.05
107:46.3    	-55.74	1.7          	-55.05
107:47.3    	-55.73	1.7          	-55.04
107:48.2    	-55.71	1.7          	-55.04
107:49.1    	-55.68	1.7          	-55.03
107:49.9    	-55.65	1.7          	-55.02
107:50.8    	-55.61	1.7          	-55.02
107:51.9    	-55.57	1.7          	-55.01
107:52.6    	-55.50	1.6          	-55.00
107:53.5    	-55.43	1.6          	-54.99
107:54.4    	-55.35	1.6          	-54.98
107:55.3    	-55.26	1.6          	-54.97
107:56.2    	-55.20	1.6          	-54.96
107:57.2    	-54.73	1.5          	-54.95
107:58.0    	-55.08	1.5          	-54.93
107:58.9    	-55.02	1.5          	-54.92
107:59.8    	-54.96	1.5          	-54.91
108:00.7    	-54.90	1.5          	-54.89
108:01.6    	-54.85	1.5          	-54.88
108:02.5    	-54.80	1.5          	-54.86
108:03.4    	-54.76	1.5          	-54.84
108:04.3    	-54.73	1.5          	-54.83
108:05.2    	-54.72	1.5          	-54.81
108:06.0    	-54.29	1.4          	-54.79
108:06.9    	-54.70	1.5          	-54.77
108:07.8    	-54.70	1.5          	-54.75
108:08.8    	-54.70	1.5          	-54.73
108:09.7    	-54.29	1.4          	-54.72
108:10.6    	-54.72	1.5          	-54.70
108:11.4    	-54.31	1.4          	-54.68
108:12.4    	-54.74	1.5          	-54.66
108:13.2    	-54.72	1.5          	-54.65
108:14.1    	-54.68	1.4          	-54.63
108:15.0    	-54.66	1.4          	-54.61
108:15.9    	-54.63	1.4          	-54.63
108:16.8    	-54.60	1.4          	-54.58
108:17.7    	-54.57	1.4          	-54.56
108:18.6    	-54.56	1.4          	-54.54
108:19.5    	-54.55	1.4          	-54.53
108:20.4    	-54.54	1.4          	-54.51
108:21.3    	-54.54	1.4          	-54.49
108:22.2    	-54.54	1.4          	-54.47
108:23.1    	-54.55	1.4          	-54.46
108:24.0    	-54.55	1.4          	-54.44
108:24.9    	-54.56	1.4          	-54.42
108:25.8    	-54.56	1.4          	-54.41
108:26.7    	-54.57	1.4          	-54.39
108:27.5    	-54.57	1.4          	-54.38
108:28.4    	-54.16	1.3          	-54.36
108:29.4    	-54.59	1.4          	-54.35
108:30.3    	-54.59	1.4          	-54.33
108:31.2    	-54.58	1.4          	-54.32
108:32.1    	-54.58	1.4          	-54.30
108:32.9    	-54.17	1.3          	-54.29
108:33.8    	-54.18	1.3          	-54.27
108:34.7    	-54.19	1.3          	-54.26
108:35.6    	-54.62	1.4          	-54.25
108:36.5    	-54.64	1.4          	-54.23
108:37.4    	-54.65	1.4          	-54.22
108:38.3    	-54.67	1.4          	-54.21
108:39.2    	-54.69	1.4          	-54.20
108:40.2    	-54.69	1.4          	-54.19
108:41.0    	-54.69	1.4          	-54.18
108:41.9    	-54.69	1.4          	-54.17
108:42.8    	-54.69	1.4          	-54.16
108:43.7    	-54.70	1.4          	-54.15
108:44.6    	-54.71	1.4          	-54.14
108:45.5    	-54.70	1.4          	-54.13
108:46.4    	-54.69	1.4          	-54.12
108:47.3    	-54.68	1.3          	-54.11
108:48.2    	-54.68	1.3          	-54.10
108:49.0    	-54.68	1.3          	-54.09
108:49.9    	-54.69	1.3          	-54.08
108:50.9    	-54.69	1.3          	-54.07
108:51.8    	-54.70	1.3          	-54.06
108:52.7    	-54.71	1.3          	-54.06
108:53.6    	-54.31	1.3          	-54.05
108:54.4    	-54.74	1.3          	-54.04
108:55.3    	-54.75	1.3          	-54.03
108:56.2    	-54.76	1.3          	-54.03
108:57.1    	-54.78	1.3          	-54.02
108:58.0    	-54.80	1.3          	-54.01
108:58.9    	-54.81	1.3          	-54.01
108:59.8    	-54.82	1.3          	-54.00
109:00.7    	-54.83	1.3          	-53.99
109:01.7    	-54.84	1.3          	-53.99
109:02.6    	-54.86	1.3          	-53.98
109:03.4    	-54.86	1.3          	-53.98
109:04.3    	-54.87	1.3          	-53.98
109:05.2    	-54.88	1.3          	-53.97
109:06.1    	-54.89	1.3          	-53.97
109:07.0    	-54.89	1.3          	-53.96
109:07.9    	-54.90	1.3          	-53.96
109:08.7    	-54.91	1.3          	-53.96
109:09.6    	-54.91	1.3          	-53.95
109:10.6    	-54.92	1.3          	-53.95
109:11.5    	-54.93	1.2          	-53.95
109:12.4    	-54.93	1.2          	-53.94
109:13.3    	-54.52	1.2          	-53.94
109:14.2    	-54.94	1.2          	-53.94
109:15.1    	-54.94	1.2          	-53.94
109:16.0    	-54.94	1.2          	-53.94
109:16.8    	-54.94	1.2          	-53.93
109:17.7    	-54.94	1.2          	-53.93
109:18.6    	-54.93	1.2          	-53.93
109:19.5    	-54.93	1.2          	-53.93
109:20.5    	-54.92	1.2          	-53.93
109:21.4    	-54.91	1.2          	-53.93
109:22.2    	-54.89	1.2          	-53.92
109:23.1    	-54.45	1.1          	-53.92
109:24.0    	-54.86	1.1          	-53.92
109:24.9    	-54.85	1.1          	-53.92
109:25.8    	-54.41	1.1          	-53.91
109:26.7    	-54.82	1.1          	-53.91
109:27.6    	-54.80	1.1          	-53.91
109:28.5    	-54.78	1.1          	-53.90
109:29.4    	-54.76	1.1          	-53.90
109:30.2    	-54.75	1.1          	-53.90
109:31.2    	-54.75	1.1          	-53.89
109:32.1    	-54.74	1.1          	-53.89
109:33.0    	-54.75	1.1          	-53.89
109:33.9    	-54.76	1.1          	-53.88
109:34.8    	-54.76	1.1          	-53.88
109:35.7    	-54.77	1.1          	-53.88
109:36.6    	-54.77	1.1          	-53.87
109:37.5    	-54.78	1.1          	-53.87
109:38.3    	-54.36	1.1          	-53.86
109:39.2    	-54.79	1.1          	-53.86
109:40.1    	-54.78	1.1          	-53.86
109:41.1    	-54.82	1.1          	-53.86
109:42.0    	-54.83	1.1          	-53.85
109:42.9    	-54.85	1.1          	-53.85
109:43.7    	-54.87	1.1          	-53.85
109:44.6    	-54.89	1.1          	-53.85
109:45.5    	-54.49	1.1          	-53.85
109:46.4    	-54.93	1.1          	-53.84
109:47.3    	-54.95	1.1          	-53.84
109:48.2    	-54.97	1.1          	-53.84
109:49.1    	-55.00	1.2          	-53.84
109:50.0    	-55.02	1.2          	-53.84
109:50.9    	-55.04	1.2          	-53.84
109:51.8    	-55.07	1.2          	-53.84
109:52.7    	-55.10	1.2          	-53.84
109:53.6    	-55.13	1.2          	-53.84
109:54.5    	-55.16	1.2          	-53.84
109:55.4    	-55.18	1.2          	-53.84
109:56.3    	-55.20	1.2          	-53.85
109:57.1    	-55.23	1.2          	-53.85
109:58.1    	-55.25	1.2          	-53.85
109:59.0    	-55.27	1.2          	-53.86
109:59.8    	-55.30	1.2          	-53.86
110:00.7    	-55.31	1.2          	-53.86
110:01.6    	-54.91	1.1          	-53.87
110:02.6    	-54.93	1.1          	-53.87
110:03.5    	-55.36	1.2          	-53.87
110:04.4    	-55.37	1.2          	-53.88
110:05.2    	-55.38	1.2          	-53.88
110:06.1    	-55.39	1.2          	-53.89
110:07.0    	-55.40	1.2          	-53.89
110:07.9    	-55.40	1.2          	-53.90
110:08.8    	-55.40	1.2          	-53.90
110:09.7    	-55.40	1.2          	-53.91
110:10.6    	-55.40	1.2          	-53.91
110:11.5    	-55.38	1.2          	-53.92
110:12.4    	-55.37	1.2          	-53.93
110:13.3    	-54.92	1.1          	-53.93
110:14.2    	-55.33	1.2          	-53.94
110:15.1    	-55.31	1.2          	-53.94
110:16.0    	-54.88	1.1          	-53.94
110:16.9    	-54.86	1.1          	-53.95
110:17.8    	-55.26	1.2          	-53.95
110:18.6    	-55.24	1.2          	-53.96
110:19.6    	-55.21	1.2          	-53.96
110:20.5    	-55.20	1.2          	-53.96
110:21.3    	-55.17	1.2          	-53.96
110:22.2    	-55.14	1.2          	-53.97
110:23.1    	-55.10	1.1          	-53.97
110:24.1    	-55.08	1.1          	-53.97
110:25.0    	-55.04	1.1          	-53.97
110:25.9    	-55.01	1.1          	-53.97
110:26.7    	-54.98	1.1          	-53.97
110:27.6    	-54.96	1.1          	-53.97
110:28.6    	-54.94	1.1          	-53.97
110:29.4    	-54.93	1.1          	-53.97
110:30.3    	-54.92	1.1          	-53.96
110:31.2    	-54.91	1.1          	-53.96
110:32.1    	-54.90	1.1          	-53.96
110:33.0    	-54.89	1.1          	-53.96
110:34.0    	-54.87	1.1          	-53.96
110:34.8    	-54.85	1.1          	-53.95
110:35.7    	-54.82	1.1          	-53.95
110:36.6    	-54.77	1.1          	-53.95
110:37.5    	-54.73	1.1          	-53.94
110:38.4    	-54.68	1.1          	-53.94
110:39.3    	-54.64	1.1          	-53.93
110:40.2    	-54.60	1.1          	-53.93
110:41.1    	-54.13	1.0          	-53.92
110:42.0    	-54.47	1.1          	-53.91
110:42.8    	-54.39	1.1          	-53.91
110:43.7    	-54.31	1.0          	-53.90
110:44.6    	-54.21	1.0          	-53.89
110:45.6    	-54.31	1.1          	-53.88
110:46.5    	-54.06	1.0          	-53.87
110:47.4    	-53.99	1.0          	-53.85
110:48.3    	-53.89	1.0          	-53.84
110:49.2    	-53.37	1.0          	-53.83
110:50.1    	-53.72	1.0          	-53.81
110:51.0    	-53.66	1.0          	-53.79
110:51.8    	-53.60	1.0          	-53.78
110:52.7    	-53.54	1.0          	-53.76
110:53.6    	-53.50	1.0          	-53.74
110:54.5    	-53.45	1.0          	-53.72
110:55.4    	-53.42	1.0          	-53.70
110:56.4    	-53.40	1.0          	-53.68
110:57.2    	-53.39	1.0          	-53.66
110:58.1    	-53.37	1.0          	-53.64
110:59.0    	-53.36	1.0          	-53.62
110:59.9    	-53.35	1.0          	-53.60
111:00.8    	-53.35	1.0          	-53.58
111:01.7    	-53.34	1.0          	-53.56
111:02.5    	-52.91	1.0          	-53.54
111:03.5    	-53.32	1.0          	-53.52
111:04.4    	-52.88	1.0          	-53.50
111:05.2    	-52.86	1.0          	-53.48
111:06.1    	-52.85	1.0          	-53.46
111:07.1    	-53.27	1.0          	-53.44
111:08.0    	-53.25	1.0          	-53.42
111:08.9    	-53.21	1.0          	-53.40
111:09.8    	-53.14	1.0          	-53.38
111:10.6    	-53.05	1.0          	-53.35
111:11.5    	-52.97	1.0          	-53.33
111:12.4    	-52.90	1.0          	-53.31
111:13.3    	-52.82	1.0          	-53.29
111:14.2    	-52.76	1.0          	-53.26
111:15.1    	-52.71	1.0          	-53.24
111:16.0    	-52.66	1.0          	-53.21
111:16.9    	-52.62	1.0          	-53.19
111:17.9    	-52.59	1.0          	-53.16
111:18.7    	-52.56	1.0          	-53.14
111:19.6    	-52.53	1.0          	-53.11
111:20.5    	-52.52	1.0          	-53.09
111:21.4    	-52.52	1.0          	-53.06
111:22.3    	-52.51	1.0          	-53.04
111:23.2    	-52.52	1.0          	-53.01
111:24.0    	-52.52	1.0          	-52.99
111:25.0    	-52.10	1.0          	-52.96
111:25.9    	-52.11	1.0          	-52.94
111:26.7    	-52.53	1.0          	-52.91
111:27.7    	-52.53	1.0          	-52.89
111:28.6    	-52.54	1.0          	-52.86
111:29.5    	-52.54	1.0          	-52.84
111:30.4    	-52.56	1.0          	-52.82
111:31.3    	-52.57	1.0          	-52.80
111:32.1    	-52.15	1.0          	-52.77
111:33.0    	-52.17	1.0          	-52.75
111:33.9    	-52.19	1.0          	-52.73
111:34.8    	-52.21	1.0          	-52.71
111:35.7    	-52.22	1.0          	-52.69
111:36.6    	-52.23	1.0          	-52.67
111:37.5    	-52.65	1.0          	-52.65
111:38.5    	-52.63	1.0          	-52.63
111:39.4    	-52.61	1.0          	-52.61
111:40.2    	-52.59	1.0          	-52.59
111:41.1    	-52.57	1.0          	-52.58
111:42.0    	-52.56	1.0          	-52.56
111:42.9    	-52.55	1.0          	-52.54
111:43.8    	-52.54	1.0          	-52.52
111:44.7    	-52.54	1.0          	-52.50
111:45.5    	-52.54	1.0          	-52.49
111:46.5    	-52.55	1.0          	-52.47
111:47.3    	-52.56	1.0          	-52.45
111:48.3    	-52.57	1.0          	-52.43
111:49.2    	-52.59	1.0          	-52.42
111:50.1    	-52.60	1.0          	-52.40
111:51.0    	-52.62	1.0          	-52.39
111:51.9    	-52.64	1.0          	-52.37
111:52.8    	-52.65	1.0          	-52.36
111:53.6    	-52.67	1.0          	-52.35
111:54.5    	-52.27	1.0          	-52.33
111:55.4    	-52.72	1.0          	-52.32
111:56.3    	-52.74	1.1          	-52.31
111:57.2    	-52.76	1.1          	-52.29
111:58.1    	-52.78	1.1          	-52.28
111:59.1    	-52.79	1.1          	-52.27
112:00.0    	-52.81	1.1          	-52.26
112:00.9    	-52.82	1.1          	-52.25
112:01.7    	-52.82	1.1          	-52.24
112:02.6    	-52.40	1.0          	-52.23
112:03.5    	-52.39	1.0          	-52.22
112:04.4    	-52.81	1.1          	-52.21
112:05.3    	-52.80	1.1          	-52.20
112:06.2    	-52.79	1.1          	-52.19
112:07.0    	-52.78	1.1          	-52.19
112:08.0    	-52.34	1.0          	-52.18
112:08.9    	-52.33	1.0          	-52.17
112:09.8    	-52.32	1.0          	-52.16
112:10.7    	-52.73	1.1          	-52.15
112:11.6    	-52.71	1.1          	-52.15
112:12.5    	-52.70	1.1          	-52.14
112:13.4    	-52.70	1.1          	-52.13
112:14.3    	-52.69	1.1          	-52.12
112:15.1    	-52.68	1.1          	-52.11
112:16.0    	-52.67	1.1          	-52.10
112:16.9    	-52.65	1.1          	-52.09
112:17.8    	-52.65	1.1          	-52.09
112:18.7    	-52.65	1.1          	-52.08
112:19.6    	-52.65	1.1          	-52.07
112:20.6    	-52.65	1.1          	-52.06
112:21.5    	-52.66	1.1          	-52.05
112:22.4    	-52.66	1.1          	-52.05
112:23.2    	-52.66	1.1          	-52.04
112:24.1    	-52.66	1.1          	-52.03
112:25.0    	-52.66	1.1          	-52.02
112:25.9    	-52.65	1.1          	-52.02
112:26.8    	-52.63	1.1          	-52.01
112:27.7    	-52.61	1.1          	-52.00
112:28.6    	-52.60	1.1          	-51.99
112:29.5    	-52.58	1.1          	-51.99
112:30.4    	-52.57	1.1          	-51.98
112:31.3    	-52.56	1.1          	-51.97
112:32.2    	-52.54	1.1          	-51.96
112:33.1    	-52.53	1.1          	-51.95
112:34.0    	-52.51	1.1          	-51.95
112:34.9    	-52.50	1.1          	-51.94
112:35.8    	-52.48	1.1          	-51.93
112:36.7    	-52.47	1.1          	-51.92
112:37.5    	-52.03	1.0          	-51.91
112:38.4    	-52.46	1.1          	-51.91
112:39.3    	-52.02	1.0          	-51.90
112:40.2    	-52.03	1.0          	-51.89
112:41.1    	-52.46	1.1          	-51.88
112:42.1    	-52.47	1.1          	-51.87
112:43.0    	-52.49	1.1          	-51.87
112:43.9    	-52.51	1.1          	-51.86
112:44.8    	-52.52	1.1          	-51.85
112:45.6    	-52.54	1.1          	-51.84
112:46.8    	-52.56	1.1          	-51.84
112:47.4    	-52.57	1.1          	-51.83
112:48.3    	-52.59	1.1          	-51.82
112:49.2    	-52.60	1.1          	-51.82
112:50.1    	-52.61	1.1          	-51.81
112:50.9    	-52.62	1.1          	-51.81
112:51.8    	-52.62	1.1          	-51.80
112:52.8    	-52.19	1.0          	-51.80
112:53.7    	-52.18	1.0          	-51.79
112:54.6    	-52.61	1.1          	-51.79
112:55.5    	-52.61	1.1          	-51.78
112:56.4    	-52.60	1.1          	-51.78
112:57.3    	-52.16	1.0          	-51.77
112:58.2    	-52.58	1.1          	-51.77
112:59.0    	-52.58	1.1          	-51.77
112:59.9    	-52.15	1.0          	-51.76
113:00.8    	-52.15	1.0          	-51.75
113:01.7    	-52.15	1.0          	-51.75
113:02.6    	-52.59	1.1          	-51.75
113:03.6    	-52.16	1.1          	-51.74
113:04.5    	-52.59	1.1          	-51.74
113:05.4    	-52.58	1.1          	-51.73
113:06.3    	-52.15	1.1          	-51.73
113:07.1    	-52.58	1.1          	-51.73
113:08.0    	-52.58	1.1          	-51.72
113:08.9    	-52.59	1.1          	-51.72
113:09.8    	-52.59	1.1          	-51.71
113:10.7    	-52.60	1.1          	-51.71
113:11.6    	-52.61	1.1          	-51.70
113:12.4    	-52.62	1.1          	-51.70
113:13.3    	-52.64	1.1          	-51.70
113:14.4    	-52.65	1.1          	-51.69
113:15.2    	-52.66	1.1          	-51.69
113:16.1    	-52.68	1.1          	-51.69
113:17.0    	-52.69	1.1          	-51.68
113:17.9    	-52.70	1.1          	-51.68
113:18.8    	-52.71	1.1          	-51.68
113:19.7    	-52.73	1.1          	-51.68
113:20.5    	-52.74	1.1          	-51.67
113:21.4    	-52.74	1.1          	-51.67
113:22.8    	-52.74	1.1          	-51.67
113:23.2    	-52.71	1.1          	-51.67
113:24.2    	-52.69	1.1          	-51.67
113:25.1    	-52.23	1.1          	-51.66
113:26.0    	-52.63	1.1          	-51.66
113:26.9    	-52.61	1.1          	-51.66
113:27.8    	-52.59	1.1          	-51.66
113:28.6    	-52.57	1.1          	-51.66
113:29.5    	-52.53	1.1          	-51.65
113:30.4    	-52.48	1.1          	-51.65
113:31.3    	-52.44	1.1          	-51.65
113:32.2    	-52.39	1.1          	-51.64
113:33.1    	-52.35	1.1          	-51.64
113:33.9    	-52.31	1.1          	-51.63
113:34.9    	-52.26	1.1          	-51.63
113:35.8    	-52.20	1.1          	-51.62
113:36.7    	-52.15	1.1          	-51.61
113:37.6    	-51.67	1.0          	-51.61
113:38.5    	-52.07	1.1          	-51.60
113:39.4    	-52.03	1.1          	-51.59
113:40.3    	-52.00	1.0          	-51.58
113:41.2    	-51.97	1.0          	-51.57
113:42.0    	-51.95	1.0          	-51.56
113:42.9    	-51.93	1.0          	-51.55
113:43.8    	-51.91	1.0          	-51.55
113:44.8    	-51.46	1.0          	-51.54
113:45.7    	-51.44	1.0          	-51.53
113:46.6    	-51.86	1.0          	-51.51
113:47.5    	-51.41	1.0          	-51.50
113:48.4    	-51.83	1.0          	-51.49
113:49.3    	-51.82	1.0          	-51.48
113:50.1    	-51.81	1.0          	-51.47
113:51.0    	-51.80	1.0          	-51.46
113:51.9    	-51.79	1.0          	-51.45
113:52.8    	-51.78	1.0          	-51.44
113:53.7    	-51.77	1.0          	-51.43
113:54.6    	-51.76	1.0          	-51.42
113:55.5    	-51.76	1.0          	-51.41
113:56.4    	-51.76	1.0          	-51.40
113:57.3    	-51.77	1.0          	-51.39
113:58.2    	-51.78	1.0          	-51.37
113:59.1    	-51.36	1.0          	-51.36
114:00.0    	-51.81	1.1          	-51.35
114:00.9    	-51.83	1.1          	-51.34
114:01.8    	-51.84	1.1          	-51.33
114:02.7    	-51.86	1.1          	-51.32
114:03.8    	-51.88	1.1          	-51.32
114:04.4    	-51.87	1.1          	-51.31
114:05.3    	-51.87	1.1          	-51.30
114:06.3    	-51.88	1.1          	-51.29
114:07.2    	-51.88	1.1          	-51.28
114:08.1    	-51.89	1.1          	-51.27
114:09.0    	-51.89	1.1          	-51.26
114:09.9    	-51.90	1.1          	-51.25
114:10.8    	-51.90	1.1          	-51.25
114:11.6    	-51.47	1.0          	-51.24
114:12.5    	-51.91	1.1          	-51.23
114:13.4    	-51.49	1.0          	-51.23
114:14.3    	-51.94	1.1          	-51.22
114:15.2    	-51.96	1.1          	-51.21
114:16.1    	-51.98	1.1          	-51.21
114:17.0    	-52.00	1.1          	-51.20
114:17.9    	-52.03	1.1          	-51.19
114:18.8    	-52.05	1.1          	-51.19
114:19.7    	-52.08	1.1          	-51.18
114:20.6    	-52.11	1.1          	-51.18
114:21.5    	-52.13	1.1          	-51.17
114:22.4    	-51.73	1.1          	-51.17
114:23.2    	-52.19	1.1          	-51.17
114:24.2    	-52.21	1.1          	-51.16
114:25.1    	-52.23	1.1          	-51.16
114:25.9    	-52.24	1.1          	-51.16
114:26.9    	-52.26	1.1          	-51.16
114:27.8    	-52.27	1.1          	-51.16
114:28.7    	-52.28	1.1          	-51.15
114:29.6    	-52.29	1.1          	-51.15
114:30.5    	-52.29	1.1          	-51.15
114:31.3    	-52.30	1.1          	-51.15
114:32.2    	-52.31	1.1          	-51.15
114:33.1    	-52.32	1.1          	-51.15
114:34.0    	-52.33	1.1          	-51.15
114:34.9    	-52.34	1.2          	-51.15
114:35.8    	-52.36	1.2          	-51.15
114:36.7    	-52.37	1.2          	-51.15
114:37.7    	-52.38	1.2          	-51.15
114:38.6    	-52.40	1.2          	-51.15
114:39.4    	-52.41	1.2          	-51.15
114:40.3    	-52.42	1.2          	-51.15
114:41.2    	-52.43	1.2          	-51.15
114:42.1    	-52.44	1.2          	-51.16
114:43.0    	-52.44	1.2          	-51.16
114:43.9    	-52.45	1.2          	-51.16
114:44.8    	-52.46	1.2          	-51.16
114:45.7    	-52.47	1.2          	-51.16
114:46.6    	-52.48	1.2          	-51.16
114:47.4    	-52.50	1.2          	-51.16
114:48.4    	-52.51	1.2          	-51.17
114:49.3    	-52.52	1.2          	-51.17
114:50.2    	-52.54	1.2          	-51.17
114:51.1    	-52.55	1.2          	-51.17
114:52.0    	-52.57	1.2          	-51.18
114:52.8    	-52.59	1.2          	-51.18
114:53.7    	-52.61	1.2          	-51.18
114:54.6    	-52.63	1.2          	-51.19
114:55.5    	-52.65	1.2          	-51.19
114:56.4    	-52.66	1.2          	-51.19
114:57.3    	-52.68	1.2          	-51.20
114:58.3    	-52.71	1.2          	-51.20
114:59.2    	-52.72	1.2          	-51.21
115:00.1    	-52.73	1.2          	-51.21
115:00.9    	-52.74	1.2          	-51.21
115:01.8    	-52.74	1.2          	-51.22
115:02.7    	-52.74	1.2          	-51.22
115:03.6    	-52.75	1.2          	-51.23
115:04.5    	-52.75	1.2          	-51.23
115:05.4    	-52.76	1.2          	-51.24
115:06.2    	-52.78	1.2          	-51.24
115:07.2    	-52.79	1.2          	-51.25
115:08.1    	-52.80	1.2          	-51.25
115:09.0    	-52.82	1.2          	-51.26
115:09.9    	-52.83	1.2          	-51.26
115:10.8    	-52.83	1.2          	-51.27
115:11.7    	-52.83	1.2          	-51.27
115:12.6    	-52.83	1.2          	-51.28
115:13.5    	-52.82	1.2          	-51.29
115:14.3    	-52.82	1.2          	-51.29
115:15.2    	-52.38	1.1          	-51.30
115:16.2    	-52.38	1.1          	-51.30
115:17.0    	-52.81	1.2          	-51.30
115:17.9    	-52.79	1.2          	-51.31
115:18.8    	-52.77	1.2          	-51.31
115:19.7    	-52.74	1.2          	-51.32
115:20.7    	-52.70	1.2          	-51.32
115:21.6    	-52.67	1.2          	-51.33
115:22.4    	-52.64	1.2          	-51.33
115:23.3    	-52.18	1.1          	-51.33
115:24.2    	-52.59	1.2          	-51.34
115:25.1    	-52.57	1.2          	-51.34
115:26.0    	-52.56	1.2          	-51.34
115:26.9    	-52.55	1.2          	-51.34
115:27.8    	-52.55	1.2          	-51.34
115:28.7    	-52.55	1.2          	-51.35
115:29.6    	-52.55	1.2          	-51.35
115:30.4    	-52.55	1.2          	-51.35
115:31.4    	-52.55	1.2          	-51.35
115:32.3    	-52.56	1.2          	-51.35
115:33.2    	-52.57	1.2          	-51.35
115:34.1    	-52.58	1.2          	-51.35
115:35.0    	-52.59	1.2          	-51.35
115:35.8    	-52.61	1.2          	-51.36
115:36.7    	-52.62	1.2          	-51.36
115:37.7    	-52.63	1.2          	-51.36
115:38.5    	-52.63	1.2          	-51.36
115:39.4    	-52.63	1.2          	-51.36
115:40.3    	-52.64	1.2          	-51.36
115:41.3    	-52.64	1.2          	-51.37
115:42.2    	-52.64	1.2          	-51.37
115:43.1    	-52.20	1.1          	-51.37
115:43.9    	-52.20	1.1          	-51.37
115:44.8    	-52.62	1.2          	-51.37
115:45.7    	-52.60	1.2          	-51.37
115:46.6    	-52.59	1.2          	-51.37
115:47.5    	-52.58	1.2          	-51.37
115:48.4    	-52.56	1.2          	-51.37
115:49.3    	-52.54	1.1          	-51.38
115:50.2    	-52.53	1.1          	-51.38
115:51.1    	-52.53	1.1          	-51.38
115:51.9    	-52.52	1.1          	-51.38
115:52.9    	-52.52	1.1          	-51.38
115:53.8    	-52.53	1.1          	-51.38
115:54.7    	-52.53	1.1          	-51.38
115:55.6    	-52.53	1.1          	-51.38
115:56.5    	-52.52	1.1          	-51.38
115:57.3    	-52.51	1.1          	-51.37
115:58.3    	-52.50	1.1          	-51.37
115:59.1    	-52.48	1.1          	-51.37
116:00.0    	-52.48	1.1          	-51.37
116:00.9    	-52.46	1.1          	-51.37
116:01.8    	-52.46	1.1          	-51.37
116:02.8    	-52.45	1.1          	-51.37
116:03.7    	-52.46	1.1          	-51.37
116:04.6    	-52.46	1.1          	-51.37
116:05.4    	-52.46	1.1          	-51.37
116:06.3    	-52.47	1.1          	-51.37
116:07.2    	-52.48	1.1          	-51.37
116:08.1    	-52.49	1.1          	-51.36
116:09.0    	-52.51	1.1          	-51.36
116:09.9    	-52.52	1.1          	-51.36
116:10.8    	-52.54	1.1          	-51.36
116:11.6    	-52.55	1.2          	-51.36
116:12.6    	-52.57	1.2          	-51.36
116:13.5    	-52.58	1.2          	-51.36
116:14.4    	-52.58	1.2          	-51.36
116:15.3    	-52.59	1.2          	-51.36
116:16.2    	-52.59	1.2          	-51.36
116:17.1    	-52.60	1.2          	-51.36
116:18.0    	-52.60	1.2          	-51.36
116:18.9    	-52.60	1.2          	-51.36
116:19.7    	-52.60	1.2          	-51.37
116:20.6    	-52.59	1.2          	-51.37
116:21.5    	-52.58	1.2          	-51.37
116:22.4    	-52.56	1.2          	-51.37
116:23.4    	-52.53	1.1          	-51.37
116:24.3    	-52.50	1.1          	-51.37
116:25.2    	-52.47	1.1          	-51.37
116:26.1    	-52.44	1.1          	-51.37
116:27.0    	-52.41	1.1          	-51.37
116:27.8    	-52.39	1.1          	-51.36
116:28.7    	-52.38	1.1          	-51.36
116:29.6    	-52.36	1.1          	-51.36
116:30.5    	-52.35	1.1          	-51.36
116:31.4    	-52.35	1.1          	-51.36
116:32.3    	-52.35	1.1          	-51.36
116:33.1    	-52.36	1.1          	-51.35
116:34.0    	-52.37	1.1          	-51.35
116:35.1    	-51.94	1.1          	-51.35
116:35.9    	-51.95	1.1          	-51.35
116:36.8    	-52.39	1.1          	-51.35
116:37.7    	-52.40	1.1          	-51.35
116:38.6    	-52.41	1.1          	-51.34
116:39.5    	-52.42	1.1          	-51.34
116:40.4    	-52.43	1.1          	-51.34
116:41.2    	-52.44	1.1          	-51.34
116:42.1    	-52.01	1.1          	-51.34
116:43.0    	-52.46	1.1          	-51.34
116:43.9    	-52.47	1.1          	-51.34
116:44.8    	-52.49	1.1          	-51.34
116:45.8    	-52.49	1.1          	-51.34
116:46.7    	-52.50	1.1          	-51.34
116:47.6    	-52.51	1.1          	-51.33
116:48.5    	-52.52	1.1          	-51.33
116:49.3    	-52.52	1.2          	-51.33
116:50.2    	-52.52	1.1          	-51.33
116:51.1    	-52.52	1.1          	-51.33
116:52.0    	-52.51	1.1          	-51.33
116:52.9    	-52.50	1.1          	-51.33
116:53.8    	-52.49	1.1          	-51.33
116:54.7    	-52.48	1.1          	-51.33
116:55.7    	-52.46	1.1          	-51.33
116:56.6    	-52.45	1.1          	-51.33
116:57.4    	-52.43	1.1          	-51.33
116:58.3    	-52.42	1.1          	-51.33
116:59.2    	-51.97	1.1          	-51.33
117:00.1    	-52.39	1.1          	-51.32
117:01.0    	-52.38	1.1          	-51.32
117:01.9    	-52.36	1.1          	-51.32
117:02.7    	-52.34	1.1          	-51.32
117:03.6    	-52.31	1.1          	-51.32
117:04.6    	-52.29	1.1          	-51.31
117:05.4    	-52.27	1.1          	-51.31
117:06.3    	-52.26	1.1          	-51.31
117:07.3    	-52.24	1.1          	-51.31
117:08.2    	-52.22	1.1          	-51.30
117:09.1    	-52.20	1.1          	-51.30
117:10.0    	-52.18	1.1          	-51.29
117:10.8    	-52.16	1.1          	-51.29
117:11.7    	-52.14	1.1          	-51.29
117:12.6    	-52.13	1.1          	-51.28
117:13.5    	-52.11	1.1          	-51.28
117:14.8    	-52.10	1.1          	-51.27
117:15.3    	-52.09	1.1          	-51.27
117:16.2    	-52.09	1.1          	-51.27
117:17.1    	-52.07	1.1          	-51.26
117:18.1    	-52.05	1.1          	-51.26
117:18.9    	-52.02	1.1          	-51.25
117:19.8    	-51.98	1.1          	-51.25
117:20.7    	-51.93	1.1          	-51.24
117:21.6    	-51.85	1.1          	-51.23
117:22.5    	-51.78	1.1          	-51.23
117:23.4    	-51.71	1.1          	-51.22
117:24.2    	-51.64	1.0          	-51.21
117:25.1    	-51.57	1.0          	-51.21
117:26.0    	-51.49	1.0          	-51.20
117:26.9    	-51.42	1.0          	-51.19
117:27.9    	-51.36	1.0          	-51.17
117:28.8    	-51.31	1.0          	-51.16
117:29.7    	-51.26	1.0          	-51.15
117:30.6    	-51.21	1.0          	-51.14
117:31.5    	-51.17	1.0          	-51.12
117:32.3    	-51.14	1.0          	-51.14
117:33.2    	-51.11	1.0          	-51.10
117:34.1    	-51.09	1.0          	-51.08
117:35.0    	-51.07	1.0          	-51.07
117:35.9    	-51.05	1.0          	-51.05
117:36.8    	-50.59	1.0          	-51.04
117:37.7    	-51.03	1.0          	-51.02
117:38.7    	-51.02	1.0          	-51.01
117:39.6    	-51.01	1.0          	-50.99
117:40.4    	-51.00	1.0          	-50.98
117:41.3    	-51.00	1.0          	-50.96
117:42.2    	-51.00	1.0          	-50.95
117:43.1    	-51.00	1.0          	-50.93
117:44.0    	-50.99	1.0          	-50.92
117:44.9    	-50.99	1.0          	-50.90
117:45.7    	-50.99	1.0          	-50.89
117:46.6    	-51.00	1.0          	-50.87
117:47.6    	-51.00	1.0          	-50.86
117:48.4    	-50.55	1.0          	-50.84
117:49.3    	-50.98	1.0          	-50.83
117:50.3    	-50.96	1.0          	-50.82
117:51.2    	-50.94	1.0          	-50.80
117:52.1    	-50.92	1.0          	-50.79
117:53.0    	-50.91	1.0          	-50.77
117:53.9    	-50.92	1.0          	-50.76
117:54.7    	-50.87	1.0          	-50.75
117:55.6    	-50.85	1.0          	-50.73
117:56.5    	-50.83	1.0          	-50.72
117:57.4    	-50.81	1.0          	-50.70
117:58.3    	-50.79	1.0          	-50.69
117:59.2    	-50.32	1.0          	-50.67
118:00.1    	-50.73	1.0          	-50.66
118:01.1    	-50.71	1.0          	-50.64
118:02.0    	-50.67	1.0          	-50.63
118:02.8    	-50.63	1.0          	-50.61
118:03.7    	-50.58	1.0          	-50.60
118:04.6    	-50.54	1.0          	-50.58
118:05.5    	-50.49	1.0          	-50.57
118:06.4    	-50.44	1.0          	-50.55
118:07.3    	-50.39	1.0          	-50.53
118:08.1    	-50.35	1.0          	-50.52
118:09.0    	-50.29	1.0          	-50.50
118:09.9    	-50.24	1.0          	-50.48
118:10.8    	-50.19	1.0          	-50.46
118:11.8    	-50.15	1.0          	-50.44
118:12.7    	-50.10	1.0          	-50.43
118:13.6    	-50.06	1.0          	-50.41
118:14.7    	-50.10	1.0          	-50.39
118:15.4    	-49.96	1.0          	-50.37
118:16.2    	-49.91	1.0          	-50.35
118:17.1    	-49.87	1.0          	-50.33
118:18.0    	-49.83	1.0          	-50.31
118:18.9    	-49.80	1.0          	-50.29
118:19.8    	-49.76	1.0          	-50.27
118:20.7    	-49.73	1.0          	-50.24
118:21.6    	-49.71	1.0          	-50.22
118:22.6    	-49.25	1.0          	-50.20
118:23.5    	-49.67	1.0          	-50.18
118:24.3    	-49.65	1.0          	-50.16
118:25.2    	-49.64	1.0          	-50.13
118:26.1    	-49.63	1.0          	-50.11
118:27.0    	-49.64	1.0          	-50.09
118:27.9    	-49.62	1.0          	-50.07
118:28.8    	-49.61	1.0          	-50.05
118:29.6    	-49.61	1.0          	-50.03
118:30.5    	-49.16	1.0          	-50.01
118:31.5    	-49.58	1.0          	-49.98
118:32.4    	-49.57	1.0          	-49.96
118:33.3    	-49.56	1.0          	-49.94
118:34.2    	-49.55	1.0          	-49.92
118:35.1    	-49.54	1.0          	-49.90
118:36.0    	-49.53	1.0          	-49.88
118:36.2    	-49.53	1.0          	-49.88
118:36.9    	-49.52	1.0          	-49.86
118:37.7    	-49.08	1.0          	-49.84
118:38.6    	-49.52	1.0          	-49.82
118:39.5    	-49.52	1.0          	-49.80
118:40.4    	-49.52	1.0          	-49.78
118:41.3    	-49.52	1.0          	-49.76
118:42.2    	-49.52	1.0          	-49.74
118:43.2    	-49.52	1.0          	-49.72
118:44.1    	-49.53	1.0          	-49.71
118:45.0    	-49.54	1.0          	-49.69
118:45.8    	-49.54	1.0          	-49.67
118:46.7    	-49.55	1.0          	-49.65
118:47.6    	-49.55	1.0          	-49.64
118:48.5    	-49.57	1.0          	-49.62
118:49.4    	-49.58	1.0          	-49.60
118:50.3    	-49.14	1.0          	-49.59
118:51.1    	-49.59	1.0          	-49.57
118:52.0    	-49.60	1.0          	-49.55
118:53.0    	-49.59	1.0          	-49.54
118:53.9    	-49.59	1.0          	-49.52
118:54.8    	-49.58	1.0          	-49.51
118:55.7    	-49.13	1.0          	-49.49
118:56.6    	-49.56	1.0          	-49.48
118:57.5    	-49.54	1.0          	-49.46
118:58.4    	-49.53	1.0          	-49.45
118:59.2    	-49.51	1.0          	-49.44
119:00.1    	-49.49	1.0          	-49.42
119:01.0    	-49.48	1.0          	-49.41
119:01.9    	-49.47	1.0          	-49.39
119:02.8    	-49.45	1.0          	-49.38
119:03.8    	-49.43	1.0          	-49.36
119:04.6    	-48.97	1.0          	-49.35
119:05.6    	-49.43	1.0          	-49.34
119:06.5    	-49.38	1.0          	-49.32
119:07.3    	-49.35	1.0          	-49.31
119:08.2    	-49.33	1.0          	-49.29
119:09.1    	-48.86	1.0          	-49.28
119:10.0    	-48.83	1.0          	-49.26
119:10.9    	-48.80	1.0          	-49.25
119:11.8    	-49.21	1.0          	-49.23
119:12.6    	-49.17	1.0          	-49.22
119:13.6    	-49.14	1.0          	-49.20
119:14.5    	-49.17	1.0          	-49.19
119:15.4    	-49.07	1.0          	-49.16
119:16.3    	-49.14	1.0          	-49.16
119:17.4    	-49.20	1.0          	-49.13
119:17.5    	-49.20	1.0          	-49.13
119:17.6    	--    	--           	--
119:18.1    	-49.02	1.0          	-49.13
119:19.0    	-49.00	1.0          	-49.11
119:19.9    	-48.98	1.0          	-49.09
119:20.7    	-48.97	1.0          	-49.08
119:21.6    	-48.95	1.0          	-49.06
119:22.5    	-48.49	1.0          	-49.05
119:23.4    	-48.92	1.0          	-49.03
119:24.4    	-48.91	1.0          	-49.01
119:25.3    	-48.91	1.0          	-49.00
119:26.1    	-48.91	1.0          	-48.98
119:27.1    	-48.92	1.0          	-48.97
119:28.0    	-48.93	1.0          	-48.95
119:28.8    	-48.92	1.0          	-48.94
119:29.7    	-48.52	1.0          	-48.95
119:30.6    	-48.49	1.0          	-48.91
119:31.5    	-48.56	1.0          	-48.89
119:32.4    	-49.03	1.0          	-48.88
119:33.3    	-49.05	1.0          	-48.87
119:34.1    	-49.07	1.0          	-48.85
119:35.1    	-49.08	1.0          	-48.84
119:36.0    	-49.10	1.0          	-48.83
119:36.9    	-49.11	1.0          	-48.81
119:37.8    	-49.11	1.0          	-48.80
119:38.7    	-49.11	1.0          	-48.79
119:39.6    	-49.09	1.0          	-48.80
119:40.0    	-49.08	--           	-48.78
119:40.4    	-49.09	1.0          	-48.79
119:41.3    	-49.08	1.0          	-48.76
119:42.3    	-49.06	1.0          	-48.75
119:43.1    	-48.60	1.0          	-48.74
119:44.3    	-48.15	1.0          	-48.72
119:44.9    	-49.01	1.0          	-48.71
119:45.9    	-49.00	1.0          	-48.72
119:46.8    	-48.98	1.0          	-48.69
119:47.7    	-48.96	1.0          	-48.68
119:48.5    	-48.95	1.0          	-48.67
119:49.4    	-48.93	1.0          	-48.66
119:50.3    	-48.92	1.0          	-48.65
119:51.2    	-48.91	1.0          	-48.64
119:52.1    	-48.89	1.0          	-48.63
119:53.0    	-48.87	1.0          	-48.62
119:53.9    	-48.86	1.0          	-48.60
119:54.8    	-48.85	1.0          	-48.60
119:55.1    	-48.85	1.0          	-48.59
119:55.8    	-48.84	1.0          	-48.57
119:56.6    	-48.86	1.0          	-48.57
119:57.5    	-48.83	1.0          	-48.56
119:58.4    	-48.83	1.0          	-48.55
119:59.3    	-48.36	1.0          	-48.54
120:00.4    	-47.89	1.0          	-48.53
120:01.1    	-48.30	1.0          	-48.52
120:01.9    	-48.74	1.0          	-48.51
120:02.8    	-48.71	1.0          	-48.49
120:03.7    	-48.70	1.0          	-48.48
120:04.6    	-48.68	1.0          	-48.47
120:05.6    	-48.67	1.0          	-48.46
120:06.5    	-48.66	1.0          	-48.45
120:07.4    	-48.66	1.0          	-48.44
120:08.3    	-48.66	1.0          	-48.43
120:09.2    	-48.67	1.0          	-48.41
120:10.3    	-48.67	1.0          	-48.40
120:10.9    	-48.69	1.0          	-48.39
120:11.8    	-48.70	1.0          	-48.38
120:12.7    	-48.72	1.0          	-48.37
120:13.6    	-48.74	1.0          	-48.36
120:14.5    	-48.76	1.0          	-48.35
120:15.4    	-48.79	1.1          	-48.34
120:16.3    	-48.81	1.1          	-48.33
120:17.3    	-48.83	1.1          	-48.32
120:18.1    	-48.81	1.1          	-48.32
120:19.0    	-48.87	1.1          	6.59
120:19.9    	-48.83	100.0        	-48.30
120:20.8    	-48.89	1.1          	6.59
120:21.7    	-48.91	100.0        	-48.28
120:22.8    	-48.92	1.1          	-48.28
120:23.4    	-48.88	1.1          	-48.27
120:24.6    	-48.91	1.1          	-48.26
120:25.3    	-48.84	1.1          	-48.27
120:26.1    	-48.82	1.1          	-48.25
120:27.1    	-48.81	1.1          	-48.24
120:28.0    	-48.34	1.0          	-48.23
120:28.9    	-48.32	1.0          	-48.23
120:29.8    	-48.75	1.1          	-48.22
120:30.7    	-48.74	1.1          	-48.21
120:31.8    	-48.73	1.1          	-48.21
120:32.2    	-48.73	1.1          	--
120:32.4    	-48.70	1.1          	-48.20
120:33.3    	-48.67	1.1          	-48.19
120:34.2    	-48.64	1.1          	-48.18
120:35.1    	-48.61	1.0          	-48.18
120:35.8    	-48.58	1.0          	-48.18
120:36.0    	-48.57	1.0          	-48.17
120:36.9    	-48.54	1.0          	-48.16
120:37.9    	-48.50	1.0          	-48.15
120:38.8    	-48.54	1.0          	-48.14
120:39.6    	-48.42	1.0          	-48.13
120:40.5    	-48.39	1.0          	-48.12
120:41.4    	-48.36	1.0          	-48.14
120:42.3    	-48.34	1.0          	-48.10
120:43.2    	-48.34	1.0          	-48.09
120:44.1    	-48.33	1.0          	-48.08
120:45.0    	-48.34	1.0          	-48.10
120:45.9    	-48.30	1.0          	-48.06
120:46.8    	-48.33	1.0          	-48.09
120:47.6    	-48.28	1.0          	-48.04
120:48.6    	-48.26	1.0          	-48.03
120:49.5    	-48.25	1.0          	-48.02
120:50.4    	-48.22	1.0          	-48.01
120:51.3    	-48.17	1.0          	-48.00
120:52.2    	-48.12	1.0          	-47.98
120:53.0    	-48.06	1.0          	-48.00
120:53.9    	-48.01	1.0          	-47.96
120:54.8    	-47.96	1.0          	-47.98
120:55.7    	-47.91	1.0          	-47.94
120:56.6    	-47.86	1.0          	-47.92
120:57.5    	-47.82	1.0          	-47.91
120:58.4    	-47.79	1.0          	-47.89
120:59.4    	-47.76	1.0          	-47.88
121:00.3    	-47.73	1.0          	-47.87
121:01.1    	-47.70	1.0          	-47.85
121:02.0    	-47.68	1.0          	-47.84
121:02.9    	-47.66	1.0          	-47.82
121:03.8    	-47.61	1.0          	-47.81
121:04.7    	-47.57	1.0          	-47.79
121:05.6    	-47.54	1.0          	-47.78
121:06.2    	-47.51	1.0          	-47.78
121:06.4    	-47.51	1.0          	-47.76
121:07.4    	-47.49	1.0          	-47.74
121:08.3    	-47.46	1.0          	-47.73
121:09.2    	-47.44	1.0          	-47.71
121:10.1    	-47.46	1.0          	-47.69
121:11.0    	-47.39	1.0          	-47.71
121:11.9    	-47.38	1.0          	-47.66
121:12.8    	-47.36	1.0          	-47.64
121:13.7    	-47.36	1.0          	-47.63
121:14.5    	-47.36	1.0          	-47.61
121:15.4    	-47.35	1.0          	-47.59
121:16.3    	-47.35	1.0          	-47.58
121:17.2    	-47.35	1.0          	-47.56
121:18.2    	-47.34	1.0          	-47.55
121:19.1    	-47.33	1.0          	-47.53
121:19.9    	-47.33	1.0          	-47.51
121:20.9    	-47.33	1.0          	-47.55
121:21.7    	-47.34	1.0          	-47.48
121:22.6    	-47.34	1.0          	-47.47
121:23.5    	-47.34	1.0          	-47.45
121:24.4    	-47.33	1.0          	-47.43
121:25.5    	-47.33	1.0          	-47.42
121:26.1    	-47.30	1.0          	-47.40
121:27.1    	-47.30	1.0          	-47.39
121:28.0    	-47.27	1.0          	-47.37
121:28.9    	-47.23	1.0          	-47.36
121:29.8    	-47.19	1.0          	-47.34
121:30.7    	-47.14	1.0          	-47.33
121:31.6    	-47.09	1.0          	-47.31
121:32.5    	-47.05	1.0          	-47.34
121:33.4    	-47.01	1.0          	-47.28
121:34.2    	-47.05	1.0          	-47.31
121:34.7    	-47.08	1.0          	-47.26
121:35.1    	-46.95	1.0          	-47.28
121:36.0    	-47.01	1.0          	-47.23
121:36.9    	-46.91	1.0          	-47.21
121:37.9    	-46.89	1.0          	-47.19
121:38.8    	-46.88	1.0          	-47.18
121:39.6    	-46.87	1.0          	-47.16
121:40.5    	-46.42	1.0          	-47.14
121:41.4    	-46.86	1.0          	-47.13
121:42.3    	-46.86	1.0          	-47.11
121:43.2    	-46.86	1.0          	-47.09
121:43.9    	-46.86	1.0          	-47.09
121:44.1    	-46.86	--           	--
121:44.3    	--    	1.0          	-47.08
121:45.0    	-46.86	1.0          	-47.04
121:45.6    	-46.85	1.0          	-47.04
121:45.9    	-46.86	1.0          	-47.04
121:46.8    	-46.86	1.0          	-47.03
121:47.6    	-46.87	1.0          	-47.01
121:48.6    	-46.88	1.0          	-47.00
121:49.5    	-46.88	1.0          	-46.98
121:50.4    	-46.89	1.0          	-46.97
121:51.3    	-46.89	1.0          	-46.95
121:52.2    	-46.88	1.0          	-46.94
121:53.1    	-46.86	1.0          	-46.92
121:54.0    	-46.84	1.0          	-46.91
121:54.9    	-46.81	1.0          	-46.89
121:55.7    	-46.77	1.0          	-46.91
121:56.9    	-46.73	1.0          	-46.86
121:58.1    	-46.73	1.0          	-46.89
121:58.7    	--    	1.0          	-46.83
121:59.4    	-46.62	1.0          	-46.86
122:00.3    	-46.60	1.0          	-46.80
122:01.4    	-46.58	1.0          	-46.79
122:02.0    	-46.12	1.0          	-46.77
122:02.9    	-46.56	1.0          	-46.76
122:03.8    	-46.55	1.0          	-46.74
122:04.7    	-46.09	1.0          	-46.72
122:05.6    	-46.52	1.0          	-46.71
122:06.6    	-46.54	1.0          	-46.69
122:07.4    	-46.48	1.0          	-46.71
122:08.4    	-46.42	1.0          	-46.72
122:08.6    	-46.42	1.0          	-46.66
122:09.2    	-46.43	1.0          	-46.61
122:09.9    	-46.39	1.0          	-46.61
122:10.1    	-46.41	1.0          	-46.63
122:11.1    	-46.43	1.0          	-46.66
122:11.9    	-46.37	1.0          	-46.60
122:12.8    	-46.41	1.0          	-46.54
122:13.5    	-46.41	1.0          	-46.54
122:14.4    	-46.41	--           	--
122:14.8    	-46.41	--           	--
122:15.6    	-46.41	--           	--
122:15.9    	--    	--           	--
122:16.1    	--    	1.0          	--
122:16.8    	--    	1.0          	-44.85
122:17.8    	--    	1.0          	-43.10
122:18.0    	--    	--           	-43.10
122:18.4    	--    	1.2          	--
122:19.3    	--    	1.4          	--
122:19.8    	--    	1.4          	--
122:20.2    	--    	1.2          	--
122:21.0    	--    	1.2          	--
122:21.3    	--    	1.2          	--
122:21.9    	--    	--           	-46.60
122:23.1    	--    	--           	-48.35
122:23.4    	--    	--           	-48.35
122:25.1    	--    	--           	--
122:25.8    	--    	--           	-46.60
122:26.4    	--    	1.0          	-46.60
122:27.3    	--    	1.0          	-46.34
122:28.5    	--    	1.0          	-44.85
122:29.2    	--    	1.2          	-46.31
122:30.1    	--    	1.0          	-46.34
122:31.9    	--    	0.8          	-46.37
122:32.3    	--    	0.8          	-46.37
122:32.5    	--    	--           	--
122:33.9    	--    	--           	-46.34
122:35.8    	--    	--           	-46.34
122:41.5    	-45.93	1.0          	-46.34
122:43.3    	-45.93	1.0          	-46.34
122:44.5    	-45.92	1.0          	--
122:46.0    	-45.92	1.0          	--
122:46.1    	-45.93	1.0          	--
122:47.0    	-45.93	1.0          	--
122:51.4    	-45.77	--           	--
122:52.0    	-45.93	--           	--
122:52.4    	-45.93	--           	--
122:53.1    	-45.93	1.0          	--
122:54.9    	-45.68	1.0          	-45.99
122:55.8    	-45.63	1.0          	-45.98
122:56.7    	-45.58	1.0          	-45.97
122:57.6    	-45.52	1.0          	-45.96
122:58.5    	-45.46	1.0          	-45.95
122:59.4    	-45.41	1.0          	-45.93
123:00.2    	-45.80	1.0          	-45.92
123:01.1    	-45.75	1.0          	-45.93
123:02.1    	-45.71	1.0          	-45.89
123:03.0    	-45.68	1.0          	-45.88
123:03.9    	-45.64	1.0          	-45.87
123:04.8    	-45.23	1.0          	-45.85
123:05.6    	-45.60	1.0          	-45.84
123:06.5    	-45.58	1.0          	-45.82
123:07.4    	-45.56	1.0          	-45.81
123:08.5    	-45.54	1.0          	-45.79
123:09.2    	-45.53	1.0          	-45.78
123:10.1    	-45.49	1.0          	-45.76
123:10.3    	-45.49	1.0          	-45.76
123:11.0    	-45.50	1.0          	-45.75
123:12.0    	-45.50	1.0          	-45.73
123:12.9    	-45.49	1.0          	-45.72
123:13.7    	-45.47	1.0          	-45.70
123:14.6    	-45.44	1.0          	-45.69
123:15.5    	-45.41	1.0          	-45.67
123:16.6    	-45.39	1.0          	-45.66
123:16.8    	-45.39	1.0          	-45.66
123:17.3    	-45.35	1.0          	-45.64
123:18.2    	-45.32	1.0          	-45.63
123:19.1    	-45.30	1.0          	-45.61
123:19.9    	-45.29	1.0          	-45.60
123:20.8    	-45.26	1.0          	-45.58
123:21.8    	-45.23	1.0          	-45.57
123:22.7    	-45.20	1.0          	-45.55
123:23.6    	-45.16	1.0          	-45.53
123:24.5    	-44.67	1.0          	-45.52
123:25.4    	-45.09	1.0          	-45.50
123:26.3    	-45.06	1.0          	-45.49
123:27.2    	-45.03	1.0          	-45.47
123:28.0    	-45.01	1.0          	-45.45
123:28.9    	-44.99	1.0          	-45.43
123:29.8    	-44.98	1.0          	-45.42
123:30.7    	-44.96	1.0          	-45.40
123:31.6    	-44.95	1.0          	-45.38
123:32.6    	-44.50	1.0          	-45.37
123:33.4    	-44.93	1.0          	-45.35
123:34.4    	-44.92	1.0          	-45.33
123:35.3    	-44.91	1.0          	-45.32
123:36.1    	-44.90	1.0          	-45.30
123:37.0    	-44.88	1.0          	-45.28
123:37.9    	-44.88	1.0          	-45.27
123:38.8    	-44.87	1.0          	-45.25
123:39.7    	-44.88	1.0          	-45.23
123:40.6    	-44.86	1.0          	-45.22
123:41.4    	-44.86	1.0          	-45.20
123:42.3    	-44.85	1.0          	-45.18
123:43.3    	-44.85	1.0          	-45.17
123:44.2    	-44.85	1.0          	-45.15
123:45.1    	-44.86	1.0          	-45.14
123:46.0    	-44.86	1.0          	-45.12
123:46.9    	-44.86	1.0          	-45.11
123:47.8    	-44.87	1.0          	-45.09
123:48.7    	-44.87	1.0          	-45.08
123:49.5    	-44.87	1.0          	-45.06
123:49.8    	-44.87	1.0          	-45.09
123:50.4    	-44.89	1.0          	-45.05
123:51.3    	-44.87	1.0          	-45.03
123:52.2    	-44.90	1.0          	-45.02
123:53.1    	-44.92	1.0          	-45.00
123:54.1    	-44.93	1.0          	-44.99
123:54.9    	-44.95	1.0          	-44.98
123:55.9    	-44.97	1.0          	-44.96
123:56.8    	-45.00	1.0          	-44.95
123:57.6    	-45.03	1.0          	-44.94
123:58.5    	-45.00	1.0          	-44.93
123:59.4    	-45.08	1.0          	-44.92
124:00.3    	-45.12	1.0          	-44.91
124:01.2    	-45.15	1.0          	-44.90
124:02.1    	-45.18	1.0          	-44.89
124:02.9    	-45.22	1.0          	-44.88
124:03.9    	-45.25	1.0          	-44.87
124:04.8    	-45.29	1.0          	-44.86
124:05.7    	-45.33	1.1          	-44.85
124:06.6    	-44.92	1.0          	-44.84
124:07.5    	-45.41	1.1          	-44.84
124:08.4    	-45.44	1.1          	-44.83
124:09.3    	-45.47	1.1          	-44.83
124:10.2    	-45.50	1.1          	-44.82
124:11.0    	-45.53	1.1          	-44.82
124:11.9    	-45.55	1.1          	-44.81
124:12.8    	-45.58	1.1          	-44.81
124:13.8    	-45.60	1.1          	-44.80
124:14.7    	-45.63	1.1          	-44.80
124:15.6    	-45.65	1.1          	-44.80
124:16.4    	-45.68	1.1          	-44.79
124:17.4    	-45.70	1.1          	-44.79
124:18.3    	-45.73	1.1          	-44.79
124:19.1    	-45.76	1.1          	-44.79
124:20.0    	-45.78	1.1          	-44.79
124:20.9    	-45.80	1.1          	-44.79
124:21.8    	-45.38	1.1          	-44.79
124:22.7    	-45.35	1.1          	-44.79
124:23.6    	-45.43	1.1          	-44.79
124:24.5    	-45.45	1.1          	-44.79
124:25.4    	-45.48	1.1          	-44.79
124:26.3    	-45.96	1.1          	-44.79
124:27.2    	-45.98	1.1          	-44.79
124:28.1    	-46.01	1.1          	-44.80
124:29.0    	-46.03	1.1          	-44.80
124:29.9    	-46.05	1.1          	-44.80
124:30.8    	-46.07	1.1          	-44.80
124:31.7    	-46.08	1.2          	-44.80
124:32.5    	-46.08	1.2          	-44.81
124:33.4    	-46.10	1.2          	-44.81
124:34.4    	-46.10	1.2          	-44.81
124:35.3    	-46.10	1.2          	-44.82
124:36.2    	-46.10	1.2          	-44.82
124:37.1    	-46.09	1.2          	-44.82
124:37.9    	-46.06	1.1          	-44.82
124:38.8    	-46.02	1.1          	-44.83
124:39.7    	-45.98	1.1          	-44.83
124:40.6    	-45.93	1.1          	-44.83
124:41.5    	-45.88	1.1          	-44.83
124:42.4    	-45.39	1.1          	-44.83
124:43.3    	-45.79	1.1          	-44.84
124:44.3    	-45.76	1.1          	-44.84
124:45.2    	-45.72	1.1          	-44.84
124:46.0    	-45.67	1.1          	-44.84
124:46.9    	-45.64	1.1          	-44.84
124:47.8    	-45.60	1.1          	-44.83
124:48.7    	-45.57	1.1          	-44.83
124:49.6    	-45.53	1.1          	-44.83
124:50.5    	-45.48	1.1          	-44.83
124:51.3    	-45.44	1.1          	-44.83
124:51.8    	-45.40	1.1          	-44.83
124:52.2    	-45.40	1.1          	-44.82
124:53.1    	-45.36	1.1          	-44.82
124:54.0    	-45.33	1.1          	-44.81
124:54.9    	-45.30	1.1          	-44.81
124:55.9    	-45.27	1.1          	-44.81
124:56.8    	-45.24	1.0          	-44.80
124:57.7    	-45.19	1.0          	-44.79
124:58.6    	-45.12	1.0          	-44.79
124:59.4    	-45.05	1.0          	-44.78
125:00.3    	-44.98	1.0          	-44.79
125:01.2    	-44.92	1.0          	-44.77
125:02.1    	-44.85	1.0          	-44.76
125:03.0    	-44.79	1.0          	-44.75
125:03.9    	-44.71	1.0          	-44.74
125:04.8    	-44.64	1.0          	-44.73
125:05.7    	-44.58	1.0          	-44.72
125:06.7    	-44.52	1.0          	-44.71
125:07.6    	-44.48	1.0          	-44.70
125:08.4    	-44.44	1.0          	-44.68
125:09.3    	-44.39	1.0          	-44.67
125:10.2    	-44.34	1.0          	-44.66
125:11.1    	-44.30	1.0          	-44.65
125:12.0    	-44.26	1.0          	-44.63
125:12.9    	-44.21	1.0          	-44.62
125:13.7    	-44.18	1.0          	-44.60
125:14.6    	-44.14	1.0          	-44.59
125:15.5    	-44.11	1.0          	-44.57
125:16.5    	-44.06	1.0          	-44.56
125:17.4    	-43.57	1.0          	-44.54
125:18.3    	-43.99	1.0          	-44.52
125:19.2    	-43.96	1.0          	-44.51
125:20.1    	-43.94	1.0          	-44.49
125:21.0    	-43.92	1.0          	-44.47
125:21.8    	-43.90	1.0          	-44.46
125:22.7    	-43.89	1.0          	-44.44
125:23.6    	-43.88	1.0          	-44.42
125:24.5    	-43.87	1.0          	-44.41
125:25.4    	-43.86	1.0          	-44.39
125:26.3    	-43.85	1.0          	-44.37
125:27.2    	-43.83	1.0          	-44.35
125:28.2    	-43.80	1.0          	-44.34
125:29.1    	-43.76	1.0          	-44.32
125:29.9    	-43.71	1.0          	-44.30
125:30.8    	-43.66	1.0          	-44.28
125:31.7    	-43.61	1.0          	-44.27
125:32.6    	-43.55	1.0          	-44.25
125:33.5    	-43.50	1.0          	-44.23
125:34.4    	-43.45	1.0          	-44.21
125:35.3    	-43.41	1.0          	-44.19
125:36.1    	-43.39	1.0          	-44.17
125:37.1    	-43.34	1.0          	-44.15
125:37.9    	-43.30	1.0          	-44.13
125:38.9    	-43.25	1.0          	-44.11
125:39.8    	-43.21	1.0          	-44.09
125:40.7    	-43.17	1.0          	-44.07
125:41.6    	-43.12	1.0          	-44.05
125:42.5    	-43.08	1.0          	-44.03
125:43.3    	-43.03	1.0          	-44.01
125:44.2    	-42.97	1.0          	-43.99
125:45.1    	-42.91	1.0          	-43.97
125:46.0    	-42.87	1.0          	-43.94
125:46.9    	-42.82	1.0          	-43.92
125:48.5    	-42.78	1.0          	-43.90
125:48.8    	-42.73	1.0          	-43.88
125:49.7    	-42.69	1.0          	-43.85
125:50.6    	-42.66	1.0          	-43.83
125:51.4    	-42.63	1.0          	-43.81
125:52.3    	-42.60	1.0          	-43.78
125:53.2    	-42.58	1.0          	-43.76
125:54.1    	-42.57	1.0          	-43.73
125:55.0    	-42.55	1.0          	-43.71
125:55.9    	-42.53	1.0          	-43.69
125:56.7    	-42.52	1.0          	-43.66
125:57.7    	-42.52	1.0          	-43.64
125:58.6    	-42.52	1.0          	-43.62
125:59.4    	-42.52	1.0          	-43.59
126:00.4    	-42.51	1.0          	-43.57
126:01.3    	-42.50	1.0          	-43.55
126:02.2    	-42.50	1.0          	-43.52
126:03.1    	-42.50	1.0          	-43.50
126:04.0    	-42.49	1.0          	-43.48
126:04.8    	-42.49	1.0          	-43.46
126:05.7    	-42.49	1.0          	-43.44
126:06.6    	-42.49	1.0          	-43.42
126:07.5    	-42.50	1.0          	-43.39
126:08.4    	-42.50	1.0          	-43.37
126:09.3    	-42.50	1.0          	-43.35
126:10.2    	-42.50	1.0          	-43.33
126:11.2    	-42.50	1.0          	-43.31
126:12.1    	-42.50	1.0          	-43.29
126:12.9    	-42.50	1.0          	-43.27
126:13.8    	-42.51	1.0          	-43.25
126:14.7    	-42.52	1.0          	-43.23
126:15.6    	-42.52	1.0          	-43.21
126:16.5    	-42.52	1.0          	-43.19
126:17.4    	-42.53	1.0          	-43.18
126:18.3    	-42.54	1.0          	-43.16
126:19.2    	-42.54	1.0          	-43.14
126:20.1    	-42.55	1.0          	-43.12
126:21.0    	-42.55	1.0          	-43.11
126:21.9    	-42.55	1.0          	-43.09
126:22.8    	-42.56	1.0          	-43.07
126:23.7    	-42.56	1.0          	-43.05
126:24.6    	-42.57	1.0          	-43.04
126:25.5    	-42.58	1.0          	-43.02
126:26.3    	-42.59	1.0          	-43.00
126:27.2    	-42.60	1.0          	-42.99
126:28.1    	-42.61	1.0          	-42.97
126:29.0    	-42.62	1.0          	-42.96
126:29.9    	-42.62	1.0          	-42.94
126:30.8    	-42.64	1.0          	-42.93
126:31.8    	-42.65	1.0          	-42.92
126:32.7    	-42.65	1.0          	-42.90
126:33.6    	-42.64	1.0          	-42.89
126:34.4    	-42.64	1.0          	-42.87
126:35.3    	-42.64	1.0          	-42.86
126:36.2    	-42.62	1.0          	-42.85
126:36.6    	-42.64	1.0          	-42.85
126:37.1    	-42.61	1.0          	-42.83
126:38.0    	-42.15	1.0          	-42.82
126:38.9    	-42.15	1.0          	-42.81
126:39.7    	-42.14	1.0          	-42.80
126:40.6    	-42.59	1.0          	-42.78
126:41.5    	-42.57	1.0          	-42.77
126:42.5    	-42.55	1.0          	-42.76
126:43.4    	-42.54	1.0          	-42.74
126:44.3    	-42.52	1.0          	-42.73
126:45.2    	-42.52	1.0          	-42.72
126:46.1    	-42.52	1.0          	-42.71
126:47.0    	-42.52	1.0          	-42.70
126:47.8    	-42.52	1.0          	-42.68
126:48.7    	-42.53	1.0          	-42.67
126:49.6    	-42.54	1.0          	-42.66
126:50.5    	-42.54	1.0          	-42.65
126:51.4    	-42.55	1.0          	-42.64
126:52.3    	-42.55	1.0          	-42.62
126:53.3    	-42.10	1.0          	-42.61
126:54.2    	-42.55	1.0          	-42.60
126:55.1    	-42.54	1.0          	-42.59
126:56.0    	-42.53	1.0          	-42.58
126:56.8    	-42.52	1.0          	-42.57
126:57.7    	-42.50	1.0          	-42.56
126:58.6    	-42.49	1.0          	-42.55
126:59.5    	-42.49	1.0          	-42.54
127:00.4    	-42.49	1.0          	-42.53
127:01.3    	-42.49	1.0          	-42.52
127:02.1    	-42.49	1.0          	-42.51
127:03.1    	-42.50	1.0          	-42.50
127:04.1    	-42.51	1.0          	-42.49
127:04.9    	-42.52	1.0          	-42.48
127:05.8    	-42.54	1.0          	-42.47
127:06.7    	-42.54	1.0          	-42.46
127:07.6    	-42.54	1.0          	-42.45
127:08.5    	-42.54	1.0          	-42.44
127:09.4    	-42.52	1.0          	-42.43
127:10.2    	-42.51	1.0          	-42.42
127:11.1    	-42.50	1.0          	-42.41
127:12.0    	-42.03	1.0          	-42.40
127:12.9    	-42.47	1.0          	-42.40
127:13.8    	-42.46	1.0          	-42.39
127:14.8    	-42.45	1.0          	-42.38
127:15.7    	-42.44	1.0          	-42.37
127:16.5    	-42.43	1.0          	-42.36
127:17.5    	-42.42	1.0          	-42.35
127:18.3    	-42.42	1.0          	-42.34
127:19.2    	-42.42	1.0          	-42.33
127:20.1    	-42.41	1.0          	-42.32
127:21.0    	-42.42	1.0          	-42.32
127:21.9    	-42.43	1.0          	-42.31
127:22.8    	-42.43	1.0          	-42.30
127:23.7    	-42.42	1.0          	-42.29
127:24.6    	-42.42	1.0          	-42.28
127:25.5    	-42.41	1.0          	-42.27
127:26.4    	-42.40	1.0          	-42.27
127:27.3    	-42.38	1.0          	-42.26
127:28.2    	-42.35	1.0          	-42.25
127:29.0    	-42.33	1.0          	-42.24
127:30.0    	-42.31	1.0          	-42.23
127:30.9    	-42.30	1.0          	-42.23
127:31.7    	-42.28	1.0          	-42.22
127:32.6    	-42.27	1.0          	-42.21
127:33.6    	-42.25	1.0          	-42.20
127:34.5    	-42.24	1.0          	-42.19
127:35.4    	-42.22	1.0          	-42.18
127:36.3    	-42.21	1.0          	-42.18
127:36.5    	-42.21	1.0          	-42.20
127:37.1    	-42.20	1.0          	-42.17
127:38.0    	-42.19	1.0          	-42.16
127:38.9    	-42.17	1.0          	-42.15
127:39.8    	-42.16	1.0          	-42.14
127:40.7    	-42.14	1.0          	-42.13
127:41.6    	-42.14	1.0          	-42.12
127:42.5    	-42.13	1.0          	-42.12
127:43.4    	-42.13	1.0          	-42.11
127:44.4    	-42.12	1.0          	-42.10
127:45.2    	-42.12	1.0          	-42.09
127:46.1    	-41.68	1.0          	-42.08
127:47.0    	-41.68	1.0          	-42.07
127:47.9    	-41.68	1.0          	-42.06
127:48.8    	-42.14	1.0          	-42.05
127:49.7    	-42.14	1.0          	-42.05
127:50.6    	-42.14	1.0          	-42.04
127:51.5    	-42.14	1.0          	-42.03
127:52.4    	-42.15	1.0          	-42.02
127:53.7    	-42.15	1.0          	-42.01
127:54.1    	-42.16	1.0          	-42.01
127:55.1    	-42.18	1.0          	-42.00
127:56.0    	-42.19	1.0          	-41.99
127:56.9    	-42.20	1.0          	-41.98
127:57.8    	-42.19	1.0          	-41.97
127:58.6    	-42.19	1.0          	-41.97
127:59.6    	-42.19	1.0          	-41.97
128:00.4    	-42.17	1.0          	-41.95
128:01.5    	-42.16	1.0          	-41.93
128:01.8    	-42.19	1.0          	-41.93
128:02.2    	-42.15	1.0          	-41.94
128:03.1    	-42.14	1.0          	-41.93
128:04.0    	-42.13	1.0          	-41.93
128:04.9    	-42.12	1.0          	-41.92
128:05.9    	-42.11	1.0          	-41.91
128:06.7    	-42.11	1.0          	-41.91
128:07.6    	-42.11	1.0          	-41.90
128:08.5    	-42.11	1.0          	-41.89
128:09.4    	-42.11	1.0          	-41.89
128:10.3    	-42.10	1.0          	-41.88
128:11.4    	-42.10	1.0          	-41.87
128:11.6    	-42.10	1.0          	-41.87
128:12.1    	-42.09	1.0          	-41.87
128:13.0    	-42.09	1.0          	-41.86
128:13.9    	-42.08	1.0          	-41.85
128:14.7    	-42.07	1.0          	-41.85
128:15.6    	-42.07	1.0          	-41.84
128:16.6    	-42.06	1.0          	-41.84
128:17.5    	-42.06	1.0          	-41.83
128:18.4    	-42.06	1.0          	-41.82
128:19.3    	-42.05	1.0          	-41.82
128:20.1    	-42.05	1.0          	-41.81
128:21.0    	-42.03	1.0          	-41.80
128:21.9    	-42.03	1.0          	-41.80
128:22.8    	-42.03	1.0          	-41.79
128:23.7    	-42.02	1.0          	-41.78
128:24.6    	-42.00	1.0          	-41.78
128:25.5    	-41.98	1.0          	-41.77
128:26.4    	-41.96	1.0          	-41.76
128:27.4    	-41.94	1.0          	-41.76
128:28.2    	-41.91	1.0          	-41.75
128:29.1    	-41.88	1.0          	-41.74
128:30.0    	-41.84	1.0          	-41.74
128:30.9    	-41.81	1.0          	-41.73
128:31.8    	-41.80	1.0          	-41.72
128:32.7    	-41.77	1.0          	-41.71
128:33.5    	-41.75	1.0          	-41.70
128:34.5    	-41.74	1.0          	-41.70
128:35.4    	-41.73	1.0          	-41.69
128:36.2    	-41.72	1.0          	-41.68
128:37.1    	-41.72	1.0          	-41.67
128:38.1    	-41.73	1.0          	-41.66
128:39.0    	-41.74	1.0          	-41.66
128:39.9    	-41.76	1.0          	-41.65
128:40.8    	-41.79	1.0          	-41.64
128:41.7    	-41.81	1.0          	-41.63
128:42.5    	-41.84	1.0          	-41.63
128:43.4    	-41.87	1.0          	-41.62
128:44.4    	-41.90	1.0          	-41.61
128:45.2    	-41.94	1.0          	-41.61
128:46.1    	-41.97	1.0          	-41.60
128:47.0    	-42.00	1.0          	-41.59
128:47.9    	-42.03	1.0          	-41.59
128:48.9    	-42.06	1.1          	-41.58
128:49.8    	-42.08	1.1          	-41.58
128:50.6    	-42.11	1.1          	-41.57
128:51.5    	-42.14	1.1          	-41.57
128:52.4    	-42.18	1.1          	-41.57
128:53.3    	-41.75	1.0          	-41.56
128:54.2    	-42.24	1.1          	-41.56
128:55.1    	-42.27	1.1          	-41.56
128:56.0    	-42.29	1.1          	-41.56
128:56.9    	-42.32	1.1          	-41.55
128:57.8    	-42.34	1.1          	-41.55
128:58.6    	-42.35	1.1          	-41.55
128:59.5    	-42.36	1.1          	-41.55
129:01.2    	-42.36	1.1          	-41.55
129:01.4    	-42.36	1.1          	-41.55
129:02.3    	-42.36	1.1          	-41.55
129:03.4    	-42.37	1.1          	-41.55
129:03.6    	-42.36	1.1          	-41.55
129:04.0    	-42.36	--           	-41.55
129:04.3    	-42.36	1.1          	-41.55
129:05.9    	-42.39	1.1          	-41.55
129:06.7    	-42.41	1.1          	-41.55
129:07.6    	-42.42	1.1          	-41.55
129:08.6    	-42.44	1.1          	-41.55
129:09.4    	-42.46	1.1          	-41.55
129:10.4    	-42.49	1.1          	-41.55
129:11.7    	-42.51	1.1          	-41.55
129:11.9    	-42.51	1.1          	-41.55
129:12.1    	-42.54	1.1          	-41.55
129:13.0    	-42.56	1.1          	-41.55
129:13.9    	-42.58	1.1          	-41.56
129:14.8    	-42.61	1.1          	-41.56
129:15.7    	-42.64	1.1          	-41.56
129:16.6    	-42.67	1.1          	-41.56
129:17.5    	-42.69	1.1          	-41.56
129:18.4    	-42.72	1.1          	-41.57
129:19.3    	-42.75	1.1          	-41.57
129:20.2    	-42.77	1.1          	-41.57
129:21.1    	-42.80	1.1          	-41.58
129:22.0    	-42.83	1.1          	-41.58
129:22.9    	-42.85	1.1          	-41.58
129:23.8    	-42.44	1.1          	-41.59
129:24.7    	-42.92	1.2          	-41.59
129:25.5    	-42.96	1.2          	-41.60
129:26.6    	-42.99	1.2          	-41.60
129:27.4    	-43.02	1.2          	-41.61
129:28.3    	-43.05	1.2          	-41.61
129:29.2    	-43.09	1.2          	-41.62
129:30.1    	-43.12	1.2          	-41.62
129:30.9    	-43.15	1.2          	-41.63
129:31.8    	-43.19	1.2          	-41.62
129:32.7    	-43.22	1.2          	-41.65
129:33.6    	-43.25	1.2          	-41.65
129:34.5    	-43.28	1.2          	-41.66
129:35.4    	-43.30	1.2          	-41.67
129:36.3    	-43.32	1.2          	-41.68
129:37.2    	-43.33	1.2          	-41.69
129:38.2    	-43.35	1.2          	-41.69
129:39.0    	-43.37	1.2          	-41.70
129:39.9    	-43.40	1.2          	-41.71
129:40.8    	-43.42	1.2          	-41.72
129:41.7    	-43.44	1.2          	-41.73
129:42.6    	-43.46	1.2          	-41.74
129:43.5    	-43.49	1.2          	-41.75
129:44.3    	-43.51	1.2          	-41.76
129:45.3    	-43.53	1.2          	-41.77
129:46.2    	-43.55	1.2          	-41.78
129:47.0    	-43.57	1.2          	-41.79
129:47.9    	-43.59	1.2          	-41.80
129:48.9    	-43.61	1.2          	-41.81
129:49.8    	-43.63	1.2          	-41.82
129:50.7    	-43.65	1.2          	-41.83
129:51.6    	-43.67	1.2          	-41.84
129:52.4    	-43.70	1.2          	-41.85
129:53.3    	-43.72	1.2          	-41.86
129:54.2    	-43.75	1.2          	-41.87
129:55.1    	-43.78	1.2          	-41.88
129:56.0    	-43.81	1.2          	-41.89
129:56.9    	-43.84	1.2          	-41.90
129:57.8    	-43.86	1.2          	-41.91
129:58.7    	-43.87	1.2          	-41.92
129:59.7    	-43.88	1.2          	-41.93
130:00.5    	-43.88	1.2          	-41.94
130:01.4    	-43.87	1.2          	-41.95
130:02.3    	-43.86	1.2          	-41.96
130:03.2    	-43.85	1.2          	-41.97
130:04.1    	-43.83	1.2          	-41.99
130:05.0    	-43.81	1.2          	-42.00
130:05.8    	-43.79	1.2          	-42.01
130:06.7    	-43.77	1.2          	-42.02
130:07.6    	-43.74	1.2          	-42.03
130:08.5    	-43.71	1.2          	-42.04
130:09.6    	-43.67	1.2          	-42.03
130:10.4    	-43.67	1.2          	-42.02
130:10.6    	--    	1.2          	-42.06
130:11.3    	-43.58	1.2          	-42.07
130:12.2    	-43.53	1.2          	-42.08
130:13.1    	-43.49	1.2          	-42.09
130:13.9    	-43.44	1.2          	-42.09
130:14.8    	-43.38	1.1          	-42.10
130:15.7    	-43.31	1.1          	-42.11
130:16.6    	-43.22	1.1          	-42.11
130:17.5    	-43.15	1.1          	-42.12
130:18.4    	-43.09	1.1          	-42.12
130:19.2    	-43.03	1.1          	-42.13
130:20.2    	-43.09	1.1          	-42.13
130:21.2    	-42.95	1.1          	-42.13
130:22.0    	-42.93	1.1          	-42.13
130:22.9    	-42.90	1.1          	-42.14
130:23.8    	-42.89	1.1          	-42.14
130:24.7    	-42.89	1.1          	-42.14
130:25.6    	-42.89	1.1          	-42.14
130:26.5    	-42.91	1.1          	-42.14
130:27.4    	-42.92	1.1          	-42.14
130:28.2    	-42.93	1.1          	-42.14
130:29.1    	-42.94	1.1          	-42.14
130:30.0    	-42.48	1.0          	-42.14
130:30.9    	-42.93	1.1          	-42.14
130:31.9    	-42.92	1.1          	-42.14
130:32.8    	-42.92	1.1          	-42.14
130:33.7    	-42.92	1.1          	-42.14
130:34.6    	-42.93	1.1          	-42.14
130:35.5    	-42.93	1.1          	-42.14
130:36.3    	-42.49	1.0          	-42.14
130:37.2    	-42.95	1.1          	-42.14
130:38.1    	-42.97	1.1          	-42.14
130:39.0    	-42.97	1.1          	-42.14
130:39.9    	-42.98	1.1          	-42.14
130:40.8    	-42.99	1.1          	-42.14
130:41.7    	-42.99	1.1          	-42.14
130:42.7    	-43.00	1.1          	-42.14
130:43.6    	-43.01	1.1          	-42.14
130:44.4    	-43.02	1.1          	-42.14
130:45.3    	-43.03	1.1          	-42.14
130:46.2    	-43.04	1.1          	-42.14
130:47.1    	-43.05	1.1          	-42.14
130:48.0    	-43.06	1.1          	-42.14
130:48.9    	-43.07	1.1          	-42.15
130:49.7    	-43.09	1.1          	-42.15
130:50.7    	-43.09	1.1          	-42.15
130:51.6    	-43.10	1.1          	-42.15
130:52.4    	-43.10	1.1          	-42.15
130:53.4    	-43.08	1.1          	-42.16
130:54.3    	-43.05	1.1          	-42.16
130:55.2    	-43.03	1.1          	-42.16
130:56.1    	-43.00	1.1          	-42.16
130:57.0    	-42.98	1.1          	-42.16
130:57.8    	-42.96	1.1          	-42.16
130:58.7    	-42.48	1.0          	-42.16
130:59.6    	-42.92	1.1          	-42.16
131:00.5    	-42.90	1.1          	-42.16
131:01.4    	-42.90	1.1          	-42.16
131:02.3    	-42.89	1.1          	-42.16
131:03.2    	-42.88	1.1          	-42.16
131:04.2    	-42.86	1.1          	-42.16
131:05.1    	-42.85	1.1          	-42.15
131:05.9    	-42.83	1.1          	-42.15
131:06.8    	-42.82	1.1          	-42.15
131:07.7    	-42.81	1.1          	-42.15
131:08.6    	-42.35	1.0          	-42.15
131:09.5    	-42.79	1.1          	-42.14
131:10.4    	-42.78	1.1          	-42.14
131:11.7    	-42.77	1.1          	-42.14
131:11.9    	-42.77	1.1          	-42.14
131:12.1    	-42.75	1.1          	-42.14
131:13.1    	-42.73	1.1          	-42.14
131:14.0    	-42.70	1.1          	-42.13
131:14.9    	-42.68	1.1          	-42.13
131:15.8    	-42.65	1.1          	-42.13
131:16.7    	-42.62	1.1          	-42.13
131:17.6    	-42.59	1.1          	-42.12
131:18.5    	-42.56	1.0          	-42.12
131:19.3    	-42.54	1.0          	-42.11
131:20.2    	-42.50	1.0          	-42.11
131:21.1    	-42.46	1.0          	-42.11
131:22.0    	-42.43	1.0          	-42.10
131:22.9    	-42.40	1.0          	-42.10
131:23.9    	-42.35	1.0          	-42.09
131:24.8    	-42.30	1.0          	-42.09
131:25.7    	-42.25	1.0          	-42.08
131:26.6    	-42.20	1.0          	-42.07
131:27.4    	-42.16	1.0          	-42.07
131:28.3    	-42.12	1.0          	-42.06
131:29.2    	-42.08	1.0          	-42.05
131:30.1    	-42.05	1.0          	-42.04
131:31.0    	-42.03	1.0          	-42.04
131:31.9    	-42.01	1.0          	-42.03
131:32.7    	-42.00	1.0          	-42.02
131:33.6    	-41.98	1.0          	-42.01
131:34.6    	-41.98	1.0          	-42.00
131:35.5    	-41.98	1.0          	-41.99
131:36.4    	-41.96	1.0          	-41.98
131:37.3    	-41.95	1.0          	-41.97
131:38.2    	-41.93	1.0          	-41.96
131:39.1    	-41.93	1.0          	-41.96
131:40.0    	-41.92	1.0          	-41.95
131:40.8    	-41.92	1.0          	-41.94
131:41.7    	-41.90	1.0          	-41.93
131:42.6    	-41.86	1.0          	-41.92
131:43.5    	-41.82	1.0          	-41.91
131:44.4    	-41.79	1.0          	21.33
131:45.4    	-41.74	100.0        	-41.89
131:46.3    	-41.68	1.0          	-41.88
131:47.1    	-41.63	1.0          	-41.87
131:48.0    	-41.60	1.0          	-41.86
131:48.9    	-41.57	1.0          	-41.85
131:49.8    	-41.52	1.0          	-41.83
131:50.7    	-41.47	1.0          	-41.82
131:51.6    	-41.41	1.0          	-41.81
131:52.5    	-41.36	1.0          	-41.80
131:53.4    	-41.31	1.0          	-41.79
131:54.2    	-41.27	1.0          	-41.80
131:55.1    	-41.24	1.0          	-41.80
131:56.1    	-41.20	1.0          	-41.75
131:57.0    	-41.17	1.0          	-41.79
131:57.9    	-41.15	1.0          	-41.72
131:58.8    	-41.13	1.0          	-41.70
131:59.7    	-41.11	1.0          	-41.69
132:00.5    	-41.10	1.0          	-41.68
132:01.5    	-41.09	1.0          	-41.66
132:02.3    	-41.09	1.0          	-41.65
132:03.2    	-40.64	1.0          	-41.63
132:04.1    	-41.08	1.0          	-41.62
132:05.0    	-41.08	1.0          	-41.60
132:05.9    	-41.08	1.0          	-41.59
132:06.9    	-41.08	1.0          	-41.57
132:07.7    	-41.09	1.0          	-41.56
132:08.7    	-41.09	1.0          	-41.54
132:09.5    	-41.10	1.0          	-41.53
132:10.4    	-41.12	1.0          	-41.52
132:11.3    	-40.69	1.0          	-41.50
132:12.0    	-40.26	1.0          	-41.52
132:12.2    	-41.15	1.0          	-41.49
132:13.1    	-41.16	1.0          	-41.48
132:14.0    	-41.18	1.0          	-41.47
132:14.9    	-41.19	1.0          	-41.45
132:15.8    	-41.19	1.0          	-41.44
132:16.6    	-41.20	1.0          	-41.43
132:17.6    	-41.21	1.0          	-41.42
132:18.5    	-41.22	1.0          	-41.41
132:19.4    	-41.23	1.0          	-41.40
132:20.3    	-41.23	1.0          	-41.39
132:21.2    	-41.24	1.0          	-41.37
132:22.1    	-41.24	1.0          	-41.36
132:23.0    	-41.24	1.0          	-41.35
132:23.9    	-41.26	1.0          	-41.34
132:24.7    	-41.24	1.0          	-41.33
132:25.6    	-41.20	1.0          	-41.33
132:26.5    	-41.14	1.0          	-41.32
132:27.4    	-41.08	1.0          	-41.31
132:28.3    	-41.02	1.0          	-41.29
132:29.3    	-40.93	1.0          	-41.28
132:30.2    	-40.82	1.0          	-41.27
132:31.1    	-40.93	1.0          	-41.26
132:32.0    	-40.61	1.0          	-41.24
132:32.8    	-40.49	1.0          	-41.23
132:33.7    	-40.37	1.0          	-41.21
132:34.6    	-40.24	1.0          	-41.19
132:35.5    	-40.12	1.0          	-41.18
132:36.4    	-40.01	1.0          	-41.16
132:37.3    	-39.89	1.0          	-41.14
132:38.1    	-39.77	1.0          	-41.12
132:39.0    	-39.66	1.0          	-41.09
132:40.1    	-39.55	1.0          	-41.07
132:40.9    	-39.43	1.0          	-41.05
132:41.8    	-39.33	1.0          	-41.02
132:42.7    	-39.22	1.0          	-41.00
132:43.6    	-39.12	1.0          	-40.97
132:44.5    	-39.04	1.0          	-40.94
132:45.4    	-38.96	1.0          	-40.91
132:46.2    	-38.88	1.0          	-40.88
132:47.1    	-38.81	1.0          	-40.85
132:48.0    	-38.29	1.0          	-40.88
132:48.9    	-38.22	1.0          	-40.79
132:49.8    	-38.16	1.0          	-40.76
132:50.8    	-38.10	1.0          	-40.73
132:51.7    	-38.49	1.0          	-40.69
132:52.6    	-38.43	1.0          	-40.66
132:53.5    	-38.38	1.0          	-40.63
132:54.3    	-38.33	1.0          	-40.59
132:55.2    	-38.29	1.0          	-40.56
132:56.1    	-38.25	1.0          	-40.53
132:57.0    	-38.22	1.0          	-40.49
132:57.9    	-38.18	1.0          	-40.46
132:58.8    	-38.16	1.0          	-40.42
132:59.6    	-37.69	1.0          	-40.39
133:00.6    	-38.11	1.0          	-40.36
133:01.5    	-38.07	1.0          	-40.32
133:02.4    	-38.03	1.0          	-40.29
133:03.3    	-37.99	1.0          	-40.26
133:04.2    	-37.96	1.0          	-40.23
133:05.1    	-37.92	1.0          	-40.19
133:06.0    	-37.87	1.0          	-40.16
133:06.9    	-37.83	1.0          	-40.13
133:07.7    	-37.79	1.0          	-40.09
133:08.6    	-37.76	1.0          	-40.06
133:09.5    	-37.73	1.0          	-40.03
133:10.4    	-37.70	1.0          	-40.00
133:11.4    	-37.67	1.0          	-39.97
133:12.3    	-37.65	1.0          	-39.94
133:13.2    	-37.61	1.0          	-39.91
133:14.1    	-37.59	1.0          	-39.87
133:15.0    	-37.57	1.0          	-39.84
133:15.8    	-37.54	1.0          	-39.81
133:16.7    	-37.51	1.0          	-39.78
133:17.6    	-37.48	1.0          	-39.75
133:18.5    	-37.45	1.0          	-39.72
133:19.4    	-37.41	1.0          	-39.69
133:20.3    	-37.37	1.0          	-39.66
133:21.1    	-37.33	1.0          	-39.63
133:22.1    	-37.28	1.0          	-39.60
133:23.1    	-37.23	1.0          	-39.57
133:23.9    	-37.18	1.0          	-39.54
133:24.8    	-37.13	1.0          	-39.51
133:25.7    	-37.08	1.0          	-39.48
133:26.6    	-37.05	1.0          	-39.45
133:27.5    	-37.02	1.0          	-39.42
133:28.4    	-37.00	1.0          	-39.39
133:29.2    	-36.97	1.0          	-39.36
133:30.1    	-36.95	1.0          	-39.33
133:31.0    	-36.93	1.0          	-39.30
133:31.9    	-36.90	1.0          	-39.27
133:32.9    	-36.87	1.0          	-39.24
133:33.8    	-36.85	1.0          	-39.21
133:34.6    	-36.81	1.0          	-39.18
133:35.6    	-36.78	1.0          	-39.15
133:36.5    	-36.75	1.0          	-39.12
133:37.3    	-36.73	1.0          	-39.09
133:38.2    	-36.73	1.0          	-39.06
133:39.1    	-36.73	1.0          	-39.03
133:40.0    	-36.73	1.0          	-39.00
133:40.9    	-36.72	1.0          	-38.97
133:41.8    	-36.71	1.0          	-38.94
133:42.6    	-36.70	1.0          	-38.91
133:43.6    	-36.68	1.0          	-38.89
133:44.5    	-36.67	1.0          	-38.86
133:45.4    	-36.66	1.0          	-38.83
133:46.3    	-36.65	1.0          	-38.80
133:47.2    	-36.64	1.0          	-38.78
133:48.1    	-36.63	1.0          	-38.75
133:49.2    	-36.62	1.0          	-38.72
133:49.8    	-36.61	1.0          	-38.69
133:50.7    	-36.60	1.0          	-38.67
133:51.7    	-36.58	1.0          	-38.64
133:52.6    	-36.56	1.0          	-38.61
133:53.5    	-36.55	1.0          	-38.58
133:54.4    	-36.54	1.0          	-38.56
133:55.3    	-36.52	1.0          	-38.53
133:56.1    	-36.52	1.0          	-38.50
133:57.0    	-36.51	1.0          	-38.48
133:57.9    	-36.51	1.0          	-38.45
133:58.8    	-36.51	1.0          	-38.43
133:59.7    	-36.51	1.0          	-38.40
134:00.6    	-36.52	1.0          	-38.37
134:01.5    	-36.09	1.0          	-38.40
134:02.4    	-36.11	1.0          	-38.32
134:03.4    	-36.57	1.0          	-38.30
134:04.3    	-36.58	1.0          	-38.28
134:05.1    	-36.59	1.0          	-38.25
134:06.0    	-36.61	1.0          	-38.23
134:06.9    	-36.62	1.0          	-38.21
134:07.8    	-36.63	1.0          	-38.18
134:08.7    	-36.65	1.0          	-38.16
134:09.6    	-36.66	1.0          	-38.14
134:10.5    	-36.67	1.0          	-38.12
134:11.3    	-36.23	1.0          	-38.10
134:12.3    	-36.24	1.0          	-38.08
134:13.1    	-36.69	1.0          	-38.06
134:14.1    	-36.70	1.0          	-38.04
134:15.0    	-36.70	1.0          	-38.02
134:15.9    	-36.71	1.0          	-38.00
134:16.8    	-36.71	1.0          	-37.98
134:17.7    	-36.72	1.0          	-37.96
134:18.5    	-36.73	1.0          	-37.94
134:19.4    	-36.72	1.0          	-37.92
134:20.3    	-36.70	1.0          	-37.90
134:21.2    	-36.68	1.0          	-37.89
134:22.1    	-36.65	1.0          	-37.87
134:23.0    	-36.62	1.0          	-37.85
134:24.0    	-36.60	1.0          	-37.83
134:24.9    	-36.57	1.0          	-37.81
134:25.8    	-36.55	1.0          	-37.80
134:26.6    	-36.52	1.0          	-37.78
134:27.5    	-36.49	1.0          	-37.76
134:28.4    	-36.47	1.0          	-37.74
134:29.3    	-36.43	1.0          	-37.72
134:30.2    	-36.39	1.0          	-37.71
134:31.1    	-36.35	1.0          	-37.69
134:32.0    	-36.29	1.0          	-37.67
134:33.1    	-36.35	1.0          	-37.65
134:33.8    	-36.17	1.0          	-37.63
134:34.7    	-36.12	1.0          	-37.61
134:35.9    	-36.07	1.0          	-37.57
134:36.0    	-36.07	1.0          	-37.59
134:36.5    	-36.01	1.0          	-37.57
134:37.4    	-35.96	1.0          	-37.55
134:38.3    	-35.90	1.0          	-37.53
134:39.2    	-35.82	1.0          	-37.51
134:40.0    	-35.75	1.0          	-37.48
134:40.9    	-35.68	1.0          	-37.46
134:41.8    	-35.63	1.0          	-37.44
134:42.7    	-35.69	1.0          	-37.41
134:43.6    	-35.52	1.0          	-37.39
134:44.3    	-35.36	1.0          	-37.39
134:44.5    	-35.48	1.0          	-37.36
134:45.5    	-35.52	1.0          	-37.34
134:46.4    	-35.43	1.0          	-37.31
134:47.3    	-35.41	1.0          	-37.29
134:48.1    	-35.40	1.0          	-37.27
134:49.0    	-35.40	1.0          	-37.24
134:49.9    	-35.39	1.0          	-37.22
134:50.8    	-35.38	1.0          	-37.19
134:51.7    	-35.38	1.0          	-37.17
134:52.6    	-35.39	1.0          	-37.14
134:53.4    	-35.39	1.0          	-37.12
134:54.3    	-35.39	1.0          	-37.09
134:55.3    	-35.39	1.0          	-37.07
134:56.2    	-35.40	1.0          	-37.05
134:57.1    	-35.41	1.0          	-37.03
134:58.0    	-35.43	1.0          	-37.00
134:58.9    	-35.44	1.0          	-36.98
134:59.8    	-35.45	1.0          	-36.96
135:00.7    	-35.47	1.0          	-36.94
135:01.5    	-35.48	1.0          	-36.92
135:02.4    	-35.50	1.0          	-36.90
135:03.3    	-35.52	1.0          	-36.88
135:04.2    	-35.54	1.0          	-36.86
135:05.1    	-35.56	1.0          	-36.84
135:06.0    	-35.58	1.0          	-36.82
135:07.0    	-35.59	1.0          	-36.81
135:07.9    	-35.59	1.0          	-36.79
135:08.8    	-35.57	1.0          	-36.77
135:09.6    	-35.55	1.0          	-36.75
135:10.5    	-35.52	1.0          	-36.74
135:11.4    	-35.49	1.0          	-36.72
135:12.3    	-35.48	1.0          	-36.70
135:13.2    	-35.48	1.0          	-36.69
135:14.1    	-35.45	1.0          	-36.67
135:14.9    	-35.42	1.0          	-36.65
135:15.9    	-35.39	1.0          	-36.64
135:16.8    	-35.36	1.0          	-36.62
135:17.7    	-35.34	1.0          	-36.61
135:18.6    	-35.32	1.0          	-36.59
135:19.5    	-35.31	1.0          	-36.57
135:20.3    	-35.30	1.0          	-36.56
135:21.3    	-35.29	1.0          	-36.54
135:22.2    	-35.28	1.0          	-36.52
135:23.0    	-35.28	1.0          	-36.51
135:23.9    	-35.28	1.0          	-36.49
135:24.8    	-35.29	1.0          	-36.51
135:25.7    	-35.30	1.0          	-36.46
135:26.9    	-35.31	1.0          	-36.44
135:27.6    	-35.33	1.0          	-36.43
135:28.4    	-35.35	1.0          	-36.41
135:29.3    	-35.37	1.0          	-36.40
135:30.2    	-35.39	1.0          	-36.38
135:31.1    	-35.42	1.0          	-36.37
135:32.0    	-35.44	1.0          	-36.35
135:32.9    	-35.46	1.0          	-36.34
135:33.7    	-35.47	1.0          	-36.33
135:34.7    	-35.47	1.0          	-36.31
135:35.6    	-35.47	1.0          	-36.30
135:36.5    	-35.47	1.0          	-36.31
135:37.4    	-35.47	1.0          	-36.27
135:38.8    	-35.47	1.0          	-36.26
135:39.2    	-35.03	1.0          	-36.25
135:40.1    	-35.02	1.0          	-36.24
135:41.0    	-35.45	1.0          	-36.22
135:41.8    	-35.45	1.0          	-36.21
135:42.7    	-35.44	1.0          	-36.20
135:43.7    	-35.43	1.0          	-36.19
135:44.5    	-35.43	1.0          	-36.17
135:45.4    	-35.42	1.0          	-36.16
135:46.3    	-35.41	1.0          	-36.15
135:47.3    	-35.41	1.0          	-36.14
135:48.2    	-34.96	1.0          	-36.15
135:49.1    	-35.38	1.0          	-36.11
135:50.0    	-35.38	1.0          	-36.10
135:50.8    	-35.37	1.0          	-36.09
135:51.7    	-35.37	1.0          	-36.08
135:52.6    	-35.37	1.0          	-36.07
135:53.5    	-35.36	1.0          	-36.06
135:54.4    	-35.35	1.0          	-36.05
135:55.3    	-35.36	1.0          	-36.04
135:56.2    	-35.36	1.0          	-36.02
135:57.2    	-35.35	1.0          	-36.01
135:58.1    	-35.35	1.0          	-36.00
135:58.9    	-35.36	1.0          	-35.99
135:59.8    	-35.36	1.0          	-35.98
136:00.7    	-35.36	1.0          	-35.97
136:01.6    	-35.37	1.0          	-35.96
136:02.5    	-35.37	1.0          	-35.95
136:03.4    	-35.38	1.0          	-35.94
136:04.2    	-35.39	1.0          	-35.94
136:05.2    	-35.40	1.0          	-35.93
136:06.1    	-35.41	1.0          	-35.92
136:06.9    	-35.43	1.0          	-35.91
136:07.9    	-35.44	1.0          	-35.90
136:08.8    	-35.43	1.0          	-35.89
136:09.7    	-35.45	1.0          	-35.88
136:10.6    	-35.46	1.0          	-35.88
136:11.5    	-35.47	1.0          	-35.87
136:12.3    	-35.48	1.0          	-35.86
136:13.2    	-35.48	1.0          	-35.85
136:14.1    	-35.49	1.0          	-35.84
136:15.0    	-35.49	1.0          	-35.84
136:15.9    	-35.05	1.0          	-35.83
136:16.8    	-35.05	1.0          	-35.82
136:17.7    	-35.49	1.0          	-35.82
136:18.7    	-35.49	1.0          	-35.81
136:19.6    	-35.05	1.0          	-35.80
136:20.4    	-35.05	1.0          	-35.80
136:21.3    	-35.05	1.0          	-35.79
136:22.2    	-35.49	1.0          	-35.78
136:23.1    	-35.49	1.0          	-35.78
136:24.0    	-35.50	1.0          	-35.77
136:24.9    	-35.50	1.0          	-35.76
136:25.7    	-35.51	1.0          	-35.76
136:26.6    	-35.52	1.0          	-35.75
136:27.6    	-35.53	1.0          	-35.74
136:28.5    	-35.53	1.0          	-35.74
136:29.6    	-35.52	1.0          	-35.73
136:30.3    	-35.50	1.0          	-35.73
136:31.2    	-35.47	1.0          	-35.72
136:32.1    	-35.45	1.0          	-35.72
136:33.0    	-35.42	1.0          	-35.71
136:33.8    	-35.39	1.0          	-35.70
136:34.7    	-35.36	1.0          	-35.70
136:35.6    	-35.33	1.0          	-35.69
136:36.5    	-35.30	1.0          	-35.68
136:37.4    	-35.27	1.0          	-35.68
136:38.4    	-35.23	1.0          	-35.67
136:39.2    	-35.19	1.0          	-35.66
136:40.2    	-35.15	1.0          	-35.65
136:41.1    	-35.12	1.0          	-35.65
136:41.9    	-35.08	1.0          	-35.64
136:42.8    	-35.04	1.0          	-35.63
136:43.7    	-35.00	1.0          	-35.62
136:44.6    	-34.97	1.0          	-35.61
136:45.5    	-34.93	1.0          	-35.60
136:46.4    	-34.90	1.0          	-35.60
136:47.2    	-34.87	1.0          	-35.59
136:48.1    	-34.84	1.0          	-35.58
136:49.1    	-34.81	1.0          	-35.57
136:50.0    	-34.77	1.0          	-35.56
136:50.9    	-34.72	1.0          	-35.55
136:51.8    	-34.68	1.0          	-35.54
136:52.7    	-34.64	1.0          	-35.53
136:53.6    	-34.59	1.0          	-35.52
136:54.5    	-34.55	1.0          	-35.50
136:55.3    	-34.53	1.0          	-35.49
136:56.2    	-34.05	1.0          	-35.48
136:57.1    	-34.00	1.0          	-35.47
136:58.0    	-34.40	1.0          	-35.46
136:58.9    	-34.36	1.0          	-35.45
136:59.9    	-34.33	1.0          	-35.43
137:00.8    	-34.31	1.0          	-35.42
137:01.6    	-34.27	1.0          	-35.41
137:02.5    	-34.25	1.0          	-35.39
137:03.4    	-34.24	1.0          	-35.38
137:04.3    	-34.23	1.0          	-35.37
137:05.2    	-34.22	1.0          	-35.35
137:06.1    	-34.22	1.0          	-35.34
137:07.0    	-34.23	1.0          	-35.33
137:07.9    	-34.22	1.0          	-35.31
137:08.7    	-34.23	1.0          	-35.30
137:09.7    	-34.24	1.0          	-35.29
137:10.6    	-34.26	1.0          	-35.27
137:11.5    	-34.26	1.0          	-35.26
137:12.4    	-34.26	1.0          	-35.25
137:13.3    	-34.27	1.0          	-35.24
137:14.1    	-34.28	1.0          	-35.22
137:15.1    	-34.30	1.0          	-35.21
137:15.9    	-34.31	1.0          	-35.20
137:16.8    	-34.33	1.0          	-35.19
137:17.7    	-34.34	1.0          	-35.18
137:18.6    	-34.36	1.0          	-35.17
137:19.5    	-34.39	1.0          	-35.16
137:20.4    	-34.42	1.0          	-35.15
137:21.4    	-34.44	1.0          	-35.14
137:22.2    	-34.47	1.0          	-35.13
137:23.1    	-34.50	1.0          	-35.12
137:24.0    	-34.53	1.0          	-35.11
137:24.9    	-34.57	1.0          	-35.10
137:25.8    	-34.62	1.0          	-35.09
137:26.7    	-34.64	1.0          	-35.08
137:27.6    	-34.67	1.0          	-35.07
137:28.5    	-34.70	1.0          	-35.06
137:29.4    	-34.72	1.0          	-35.06
137:30.2    	-34.74	1.0          	-35.05
137:31.2    	-34.76	1.0          	-35.05
137:32.1    	-34.77	1.0          	-35.04
137:33.0    	-34.77	1.0          	-35.03
137:33.9    	-34.78	1.0          	-35.03
137:34.8    	-34.79	1.0          	-35.02
137:35.7    	-34.80	1.0          	-35.01
137:36.6    	-34.80	1.0          	-35.01
137:37.5    	-34.80	1.0          	-35.00
137:38.4    	-34.79	1.0          	-34.99
137:39.2    	-34.78	1.0          	-34.99
137:40.1    	-34.33	1.0          	-34.98
137:40.9    	-33.89	1.0          	-34.98
137:41.3    	-33.89	1.0          	--
137:41.5    	--    	--           	-34.99
137:42.2    	--    	--           	-34.99
137:42.4    	--    	--           	-34.97
137:42.9    	-34.19	1.0          	-34.97
137:43.8    	-34.13	1.0          	-34.96
137:44.6    	-34.49	1.0          	-34.96
137:45.5    	-34.42	1.0          	-34.95
137:46.4    	-34.38	1.0          	-34.95
137:47.3    	-34.34	1.0          	-34.94
137:48.2    	-34.31	1.0          	-34.93
137:49.1    	-34.29	1.0          	-34.92
137:50.0    	-34.26	1.0          	-34.92
137:51.1    	-34.23	1.0          	-34.92
137:51.9    	-34.23	1.0          	--
137:52.1    	--    	1.0          	-34.93
137:53.0    	--    	1.0          	-34.89
137:53.6    	-34.13	1.0          	-34.89
137:54.5    	-34.09	1.0          	-34.88
137:55.4    	-34.05	1.0          	-34.87
137:56.3    	-33.99	1.0          	-34.86
137:57.2    	-33.91	1.0          	-34.85
137:58.0    	-33.86	1.0          	-34.84
137:59.0    	-33.79	1.0          	-34.83
137:59.8    	-33.71	1.0          	-34.82
138:00.7    	-33.61	1.0          	-34.81
138:01.6    	-33.51	1.0          	-34.80
138:02.6    	-33.42	1.0          	-34.78
138:03.5    	-33.33	1.0          	-34.77
138:04.4    	-33.25	1.0          	-34.75
138:05.3    	-33.16	1.0          	-34.74
138:06.1    	-33.07	1.0          	-34.75
138:06.4    	-33.07	1.0          	-34.72
138:07.0    	-32.98	1.0          	-34.70
138:07.9    	-32.89	1.0          	-34.69
138:08.8    	-32.79	1.0          	-34.67
138:09.7    	-32.70	1.0          	-34.65
138:10.6    	-32.60	1.0          	-34.63
138:11.5    	-32.48	1.0          	-34.61
138:12.4    	-32.37	1.0          	-34.59
138:13.3    	-32.25	1.0          	-34.57
138:14.2    	-32.15	1.0          	-34.55
138:15.1    	-32.05	1.0          	-34.52
138:16.0    	-31.94	1.0          	-34.50
138:16.9    	-31.83	1.0          	-34.47
138:17.8    	-31.74	1.0          	-34.45
138:18.7    	-31.67	1.0          	-34.42
138:19.5    	-31.59	1.0          	-34.39
138:20.5    	-31.51	1.0          	-34.36
138:21.4    	-31.45	1.0          	-34.33
138:22.2    	-31.38	1.0          	-34.30
138:23.1    	-31.32	1.0          	-34.27
138:24.1    	-31.38	1.0          	-34.27
138:24.8    	-31.44	1.0          	--
138:25.9    	-31.23	1.0          	-34.18
138:26.8    	-31.21	1.0          	-34.15
138:27.6    	-31.20	1.0          	-34.12
138:28.5    	-31.16	1.0          	-34.09
138:29.4    	-31.12	1.0          	-34.06
138:30.3    	-31.10	1.0          	-34.03
138:31.2    	-31.08	1.0          	-33.99
138:32.1    	-31.07	1.0          	-33.96
138:33.0    	-31.05	1.0          	-33.93
138:33.9    	-31.05	1.0          	-33.90
138:34.9    	-31.03	1.0          	-33.87
138:36.1    	-31.00	1.0          	-33.84
138:36.2    	-31.00	1.0          	-33.84
138:36.4    	--    	--           	--
138:36.7    	--    	--           	--
138:37.0    	--    	--           	--
138:37.1    	--    	--           	-33.80
138:37.5    	-31.00	1.0          	-33.78
138:38.4    	-31.00	1.0          	-33.74
138:39.3    	-30.99	1.0          	-33.71
138:40.2    	-31.00	1.0          	-33.68
138:41.0    	-30.99	1.0          	-33.65
138:42.0    	-30.98	1.0          	-33.62
138:42.9    	-30.97	1.0          	-33.60
138:43.7    	-30.96	1.0          	-33.57
138:44.6    	-30.95	1.0          	-33.54
138:45.6    	-30.94	1.0          	-33.51
138:46.5    	-30.92	1.0          	-33.48
138:47.4    	-30.91	1.0          	-33.46
138:48.0    	-30.92	1.0          	-33.46
138:48.3    	-30.92	1.0          	-33.43
138:49.1    	-30.89	1.0          	-33.40
138:50.0    	-30.88	1.0          	-33.38
138:50.9    	-30.86	1.0          	-33.35
138:51.8    	-30.83	1.0          	-33.32
138:52.7    	-30.81	1.0          	-33.30
138:53.6    	-30.79	1.0          	-33.27
138:54.4    	-30.79	1.0          	-33.24
138:55.4    	-30.77	1.0          	-33.22
138:56.4    	-30.74	1.0          	-33.24
138:57.2    	-30.73	1.0          	-33.17
138:58.1    	-30.72	1.0          	-33.14
138:59.0    	-30.71	1.0          	-33.12
138:59.9    	-30.70	1.0          	-33.09
139:00.8    	-30.70	1.0          	-33.07
139:01.7    	-30.70	1.0          	-33.04
139:02.5    	-30.70	1.0          	-33.02
139:03.4    	-30.70	1.0          	-33.00
139:04.3    	-30.71	1.0          	-32.97
139:05.2    	-30.28	1.0          	-32.95
139:06.1    	-30.70	1.0          	-32.93
139:07.1    	-30.28	1.0          	-32.91
139:08.0    	-30.69	1.0          	-32.89
139:08.9    	-30.68	1.0          	-32.86
139:09.8    	-30.24	1.0          	-32.84
139:10.6    	-30.64	1.0          	-32.82
139:11.5    	-30.61	1.0          	-32.80
139:12.4    	-30.59	1.0          	-32.78
139:13.3    	-30.56	1.0          	-32.76
139:14.2    	-30.54	1.0          	-32.74
139:15.1    	-30.50	1.0          	-32.72
139:16.0    	-30.46	1.0          	-32.70
139:16.9    	-30.42	1.0          	-32.68
139:17.9    	-30.46	1.0          	-32.65
139:18.7    	-29.88	1.0          	-32.63
139:19.6    	-29.83	1.0          	-32.61
139:20.5    	-30.18	1.0          	-32.59
139:21.4    	-30.10	1.0          	-32.57
139:22.3    	-30.04	1.0          	-32.54
139:23.2    	-29.96	1.0          	-32.52
139:24.0    	-29.89	1.0          	-32.50
139:24.9    	-29.82	1.0          	-32.47
139:25.9    	-29.75	1.0          	-32.45
139:26.8    	-29.67	1.0          	-32.42
139:27.6    	-29.61	1.0          	-32.40
139:28.9    	-29.55	1.0          	-32.42
139:29.5    	-29.55	1.0          	-32.45
139:29.7    	--    	1.0          	-32.35
139:30.4    	-29.43	1.0          	-32.32
139:31.3    	-29.39	1.0          	-32.29
139:32.2    	-29.33	1.0          	-32.26
139:33.0    	-29.29	1.0          	-32.23
139:33.9    	-29.25	1.0          	-32.20
139:34.8    	-29.19	1.0          	-32.18
139:35.7    	-29.15	1.0          	-32.15
139:36.6    	-29.11	1.0          	-32.12
139:37.5    	-29.06	1.0          	-32.09
139:38.5    	-29.03	1.0          	-32.06
139:39.6    	-28.99	1.0          	-32.09
139:40.0    	-28.99	1.0          	-32.09
139:40.5    	--    	1.0          	-32.09
139:41.2    	--    	1.0          	-32.09
139:41.4    	-29.06	1.0          	--
139:41.6    	-29.06	--           	--
139:42.2    	-29.06	--           	--
139:42.3    	-29.06	1.0          	-31.94
139:42.9    	-28.78	1.0          	-31.79
139:43.4    	-28.51	1.0          	-31.79
139:43.8    	-28.74	1.0          	-31.88
139:44.7    	-28.68	1.0          	-31.85
139:45.6    	-28.64	1.0          	-31.81
139:46.7    	-28.60	1.0          	-31.78
139:47.3    	-28.56	1.0          	-31.75
139:48.4    	-28.54	1.0          	-31.72
139:49.2    	-28.52	1.0          	-31.69
139:50.1    	-28.50	1.0          	-31.66
139:51.0    	-28.47	1.0          	-31.63
139:51.9    	-28.45	1.0          	-31.59
139:52.5    	-28.43	1.0          	-31.66
139:52.8    	-28.43	1.0          	-31.56
139:53.7    	-28.45	1.0          	-31.63
139:54.5    	-28.41	1.0          	-31.50
139:55.4    	-28.41	1.0          	-31.47
139:56.3    	-28.40	1.0          	-31.44
139:57.2    	-28.39	1.0          	-31.41
139:58.1    	-28.38	1.0          	-31.38
139:59.1    	-28.38	1.0          	-31.35
140:00.0    	-28.38	1.0          	-31.32
140:00.9    	-28.37	1.0          	-31.29
140:01.8    	-28.37	1.0          	-31.26
140:02.6    	-28.38	1.0          	-31.23
140:03.5    	-28.37	1.0          	-31.20
140:04.5    	-28.35	1.0          	-31.23
140:04.9    	-28.35	1.0          	-31.23
140:05.3    	-27.90	1.0          	-31.23
140:06.2    	-27.95	1.0          	-31.11
140:07.1    	-28.24	1.0          	-31.09
140:07.9    	-28.19	1.0          	-31.06
140:08.8    	-28.15	1.0          	-31.03
140:09.9    	-28.09	1.0          	-31.00
140:10.7    	-28.03	1.0          	-30.97
140:11.6    	-27.98	1.0          	-30.94
140:12.5    	-27.94	1.0          	-30.91
140:13.4    	-27.90	1.0          	-30.88
140:14.3    	-27.85	1.0          	-30.85
140:15.4    	-27.79	1.0          	-30.82
140:16.0    	-27.35	1.0          	-30.79
140:16.9    	-27.73	1.0          	-30.76
140:17.8    	-27.70	1.0          	-30.73
140:18.7    	-27.67	1.0          	-30.70
140:19.6    	-27.65	1.0          	-30.67
140:20.6    	-27.63	1.0          	-30.64
140:21.5    	-27.60	1.0          	-30.61
140:22.4    	-27.58	1.0          	-30.58
140:23.3    	-27.57	1.0          	-30.55
140:24.1    	-27.55	1.0          	-30.52
140:25.0    	-27.54	1.0          	-30.50
140:25.9    	-27.53	1.0          	-30.52
140:26.8    	-27.52	1.0          	-30.55
140:27.7    	-27.53	1.0          	-30.41
140:28.6    	-27.51	1.0          	-30.38
140:29.4    	-27.51	1.0          	-30.35
140:30.4    	-27.51	1.0          	-30.32
140:31.3    	-27.51	1.0          	-30.30
140:32.2    	-27.51	1.0          	-30.27
140:33.1    	-27.10	1.0          	-30.24
140:34.0    	-27.53	1.0          	-30.22
140:34.8    	-27.54	1.0          	-30.19
140:35.7    	-27.55	1.0          	-30.16
140:36.6    	-27.56	1.0          	-30.14
140:37.5    	-27.57	1.0          	-30.11
140:38.4    	-27.58	1.0          	-30.09
140:39.3    	-27.60	1.0          	-30.06
140:40.3    	-27.21	1.0          	-30.04
140:41.2    	-27.64	1.0          	-30.01
140:42.1    	-27.67	1.0          	-29.97
140:42.9    	-27.69	1.0          	-29.92
140:43.8    	-27.70	1.0          	-29.92
140:44.8    	-27.69	1.0          	-29.90
140:45.6    	-27.72	1.0          	-29.93
140:46.5    	-27.69	1.0          	-29.89
140:47.4    	-27.59	1.0          	-29.86
140:48.1    	-27.49	1.0          	-29.86
140:48.3    	-27.45	1.0          	-29.85
140:49.2    	-27.58	1.0          	-29.77
140:50.5    	-27.72	1.0          	-29.76
140:51.3    	-27.72	1.0          	-29.70
140:51.9    	-27.39	1.0          	-29.70
140:52.8    	-27.47	1.0          	-29.67
140:53.7    	-27.52	1.0          	-29.65
140:54.6    	-27.55	1.0          	-29.63
140:55.5    	-27.58	1.0          	-29.60
140:56.3    	-27.64	1.0          	-29.58
140:57.2    	-27.71	1.0          	-29.56
140:58.1    	-27.83	1.0          	-29.54
140:59.0    	-28.03	1.0          	-29.52
140:59.9    	-28.26	1.0          	-29.50
141:00.9    	-28.46	1.0          	-29.48
141:01.8    	-28.65	1.0          	-29.47
141:02.7    	-28.84	1.0          	-29.46
141:03.6    	-29.02	1.0          	-29.45
141:04.4    	-29.17	1.0          	-29.44
141:05.3    	-29.34	1.0          	-29.44
141:06.2    	-29.63	1.0          	-29.44
141:07.1    	-30.02	1.1          	-29.44
141:08.0    	-30.45	1.1          	-29.45
141:08.9    	-30.87	1.1          	-29.46
141:09.8    	-31.31	1.2          	-29.48
141:10.7    	-31.71	1.2          	-29.51
141:11.7    	-32.03	1.3          	-29.54
